38
-1 568 800 100 0 4294927460
727 33 30 30 1 4284795135
-30 346 765 20 2 4294927615
-99 322 839 25 0 4294927460
115 101 749 20 2 4294927615
164 528 40 10 3 4294967040
101 418 40 10 3 4294967040
232 423 46 20 3 4294967040
235 456 49 58 3 4294967040
41 538 30 30 4 4284809060
358 559 40 10 3 4294967040
268 472 41 35 3 4294967040
525 520 43 26 3 4294967040
471 423 27 20 3 4294967040
415 486 20 20 3 4294967040
-133 482 20 52 3 4294967040
664 374 20 50 3 4294967040
716 538 30 30 4 4284809060
756 498 40 77 3 4294967040
764 251 56 26 3 4294967040
649 229 40 10 3 4294967040
596 306 40 33 3 4294967040
517 246 41 94 3 4294967040
441 96 20 158 3 4294967040
469 292 30 30 4 4284809060
424 244 41 46 3 4294967040
357 241 39 24 3 4294967040
338 306 24 20 3 4294967040
411 168 76 20 3 4294967040
228 309 74 20 3 4294967040
166 170 29 167 3 4294967040
197 285 22 56 0 4294927460
10 -64 60 391 3 4294967040
86 282 37 40 4 4284809060
313 69 117 24 3 4294967040
124 68 819 33 0 4294927460
314 10 60 20 2 4294927615
154 -80 74 115 2 4294927615
