23
-14 590 830 95 0 4294927460
682 11 30 30 1 4284795135
720 -274 233 997 0 4294927460
280 54 32 658 0 4294927460
156 477 137 20 0 4294927460
195 389 91 20 0 4294927460
211 297 97 20 0 4294927460
228 204 80 20 0 4294927460
215 90 75 20 0 4294927460
283 26 30 30 4 4284809060
375 -348 30 646 0 4294927460
647 507 178 20 0 4294927460
635 402 125 20 0 4294927460
617 283 154 20 0 4294927460
584 155 198 20 0 4294927460
32 745 60 30 2 4294927615
572 43 167 20 0 4294927460
595 122 32 35 4 4284809060
588 23 73 20 2 4294927615
650 572 70 20 2 4294927615
317 220 20 404 3 4294967040
-376 -169 30 30 4 4284809060
655 263 35 22 4 4284809060
