36
64 111 20 317 0 4294927460
70 364 86 20 0 4294927460
201 270 79 20 0 4294927460
259 -34 25 324 0 4294927460
757 12 23 37 1 4284795135
79 348 43 25 2 4294927615
211 247 50 26 2 4294927615
81 218 85 20 0 4294927460
74 202 52 28 2 4294927615
-2 478 31 23 2 4294927615
47 113 36 20 0 4294927460
-46 497 93 112 0 4294927460
93 516 20 32 2 4294927615
20 540 163 104 0 4294927460
167 368 100 64 2 4294927615
229 584 89 20 0 4294927460
308 508 45 40 2 4294927615
310 544 53 67 0 4294927460
351 543 69 22 0 4294927460
396 448 93 32 0 4294927460
403 477 21 142 0 4294927460
395 350 94 20 0 4294927460
481 262 39 379 0 4294927460
393 256 193 20 0 4294927460
602 421 28 25 2 4294927615
617 -166 20 685 0 4294927460
516 414 26 34 2 4294927615
509 577 301 68 0 4294927460
492 145 48 117 2 4294927615
794 68 27 529 0 4294927460
727 490 165 20 0 4294927460
722 366 222 21 0 4294927460
709 249 124 20 0 4294927460
692 124 135 20 0 4294927460
711 50 121 20 0 4294927460
454 174 27 94 0 4294927460
