40
-2 526 132 74 0 4294927460
561 562 30 30 1 4284795135
123 61 28 595 3 4294967040
122 54 43 588 0 4294927460
85 242 66 29 2 4294927615
-54 238 108 20 0 4294927460
85 186 71 20 0 4294927460
105 156 30 33 2 4294927615
140 21 25 34 4 4284809060
-35 210 59 28 2 4294927615
90 497 29 31 4 4284809060
86 104 48 20 2 4294927615
73 96 84 20 0 4294927460
91 71 60 30 2 4294927615
269 -451 20 933 0 4294927460
129 589 192 36 0 4294927460
216 77 60 20 2 4294927615
148 261 60 20 2 4294927615
213 461 73 23 2 4294927615
467 138 85 631 0 4294927460
516 109 28 30 4 4284809060
441 549 102 20 0 4294927460
456 521 20 38 2 4294927615
437 451 93 20 0 4294927460
430 337 81 20 0 4294927460
411 223 101 20 0 4294927460
300 556 21 33 4 4284809060
480 38 29 105 2 4294927615
755 186 29 187 0 4294927460
532 592 225 35 0 4294927460
539 239 229 26 2 4294927615
762 151 20 37 2 4294927615
782 537 30 30 4 4284809060
686 560 59 34 2 4294927615
648 587 40 10 3 4294967040
596 404 49 196 2 4294927615
614 399 40 10 3 4294967040
529 347 40 10 3 4294967040
24 210 20 29 4 4284809060
20 486 63 43 2 4294927615
