TITLE:君が代
CREDIT:林廣守、奥好義、フランツ・エッケルト (編曲)
BPM:60
LEVEL:10.0
#START
1
0,
16
0,3,0,0,0,0,1,
0,5,0,0,0,0,
0,5,0,0,0,0,0,0,1,
0,5,0,0,0,0,
3,0,0,0,0,0,0,0,0,0,1,
5,0,0,0,0,0,
5,0,0,0,0,0,0,0,0,0,1,
5,0,0,0,0,0,
0,0,3,0,0,0,0,0,3,
0,0,5,0,0,0,
0,0,5,0,0,0,1,
0,0,5,0,0,0,
0,0,0,3,0,0,0,0,1,
0,0,0,5,0,0,
0,0,0,5,0,0,0,0,0,0,1,
0,0,0,5,0,0,
16
0,0,0,0,3,0,1,
0,0,0,0,5,0,
0,0,0,0,5,0,0,0,1,
0,0,0,0,5,0,
0,0,0,3,0,0,0,0,0,0,1,
0,0,0,5,0,0,
0,0,0,5,0,0,0,0,0,0,1,
0,0,0,5,0,0,
0,3,0,0,0,0,0,0,1,
0,5,0,0,0,0,
0,5,0,0,0,0,1,
0,5,0,0,0,0,
0,5,0,0,0,0,0,0,1,
0,5,0,0,0,0,
0,5,0,0,0,0,0,0,0,0,1,
0,5,0,0,0,0,
8
0,
16
0,3,0,0,0,0,1,
0,5,0,0,0,0,
0,5,0,0,0,0,0,0,1,
0,5,0,0,0,0,
3,0,0,0,0,0,0,0,0,0,1,
5,0,0,0,0,0,
5,0,0,0,0,0,0,0,0,0,1,
5,0,0,0,0,0,
0,0,3,0,0,0,0,0,3,
0,0,5,0,0,0,
0,0,5,0,0,0,1,
0,0,5,0,0,0,
0,0,0,3,0,0,0,0,1,
0,0,0,5,0,0,
0,0,0,5,0,0,0,0,0,0,1,
0,0,0,5,0,0,
16
0,0,0,0,3,0,1,
0,0,0,0,5,0,
0,0,0,0,5,0,0,0,1,
0,0,0,0,5,0,
0,0,0,3,0,0,0,0,0,0,1,
0,0,0,5,0,0,
0,0,0,5,0,0,0,0,0,0,1,
0,0,0,5,0,0,
0,3,0,0,0,0,0,0,1,
0,5,0,0,0,0,
0,5,0,0,0,0,1,
0,5,0,0,0,0,
0,5,0,0,0,0,0,0,1,
0,5,0,0,0,0,
0,5,0,0,0,0,0,0,0,0,1,
0,5,0,0,0,0,
8
0,
16
3,3,0,0,0,0,3,
5,5.0,0,0,0,
5,5,0,0,0,0,0,0,1,
5,5,0,0,0,0,
3,0,3,0,0,0,0,0,0,0,1,
5,0,5,0,0,0,
5,0,5,0,0,0,0,0,0,0,1,
5,0,5,0,0,0,
3,0,0,3,0,0,0,0,1,
5,0,0,5,0,0,
5,0,0,5,0,0,5,
5,0,0,5,0,0,
3,0,0,0,3,0,0,0,1,
5,0,0,0,5,0,
5,0,0,0,0,5,0,0,0,0,1,
5,0,0,0,0,5,
16
0,3,0,0,0,3,1,
0,5,0,0,0,5,
0,5,0,0,0,5,0,0,1,
0,5,0,0,0,5,
0,3,0,0,3,0,0,0,0,0,3,
0,5,0,0,5,0,
0,5,0,0,5,0,0,0,0,0,5,
0,5,0,0,5,0,
3,0,0,3,0,0,0,0,1,
5,0,0,5,0,0,
5,0,0,5,0,0,5,
5,0,0,5,0,0,
3,0,3,0,0,0,0,0,3,
5,0,5,0,0,0,
5,0,5,0,0,0,0,0,0,0,1,
5,0,5,0,0,0,
16
0,
16
3,0,3,0,0,0,3,
5,0,5,0,0,0,
5,0,5,0,0,0,0,0,5,
5,0,5,0,0,0,
3,0,0,3,0,0,0,0,0,0,1,
5,0,0,5,0,0,
5,0,0,5,0,0,0,0,0,0,1,
5,0,0,5,0,0,
3,0,0,0,3,0,0,0,1,
5,0,0,0,5,0,
5,0,0,0,5,0,5,
5,0,0,0,5,0,
5,0,0,0,5,0,0,0,1,
5,0,0,0,5,0,
5,0,0,0,5,0,0,0,0,0,5,
5,0,0,0,5,0,
8
0,
16
0,3,0,3,0,0,1,
0,5,0,5,0,0,
0,5,0,5,0,0,0,0,5,
0,5,0,5,0,0,
3,0,3,0,0,0,0,0,0,0,1,
5,0,5,0,0,0,
5,0,5,0,0,0,0,0,0,0,1,
5,0,5,0,0,0,
0,3,0,3,0,0,0,0,1,
0,5,0,5,0,0,
0,5,0,5,0,0,1,
0,5,0,5,0,0,
0,5,0,5,0,0,0,0,1,
0,5,0,5,0,0,
0,5,0,5,0,0,0,0,0,0,1,
0,5,0,5,0,0,
8
0,
16
0,0,3,3,0,0,1,
0,0,5,5,0,0,
0,0,5,5,0,0,0,0,5,
0,0,5,5,0,0,
0,0,0,3,3,0,0,0,0,0,3,
0,0,0,5,5,0,
0,0,0,5,5,0,0,0,0,0,5,
0,0,0,5,5,0,
0,0,0,0,3,3,0,0,1,
0,0,0,0,5,5,
0,0,0,0,5,5,1,
0,0,0,0,5,5,
3,0,0,3,0,0,0,0,1,
5,0,0,5,0,0,
5,0,0,5,0,0,0,0,0,0,1,
5,0,0,5,0,0,
16
3,0,3,0,0,0,3,
5,0,5,0,0,0,
5,0,5,0,0,0,0,0,5,
5,0,5,0,0,0,
3,0,5,0,0,0,0,0,0,0,1,
5,0,5,0,0,0,
5,0,0,0,3,0,0,0,0,0,3,
5,0,0,0,5,0,
0,3,0,3,0,0,0,0,1,
0,5,0,5,0,0,
0,5,0,5,0,0,1,
0,5,0,5,0,0,
0,5,0,5,0,0,0,0,1,
0,5,0,5,0,0,
0,5,0,5,0,0,0,0,0,0,1,
0,5,0,5,0,0,
8
0,
16
0,0,3,3,0,0,
0,0,5,5,0,0,
0,0,5,5,0,0,
0,0,5,5,0,0,
0,3,5,5,3,0,
0,5,5,5,5,0,
0,5,5,5,5,0,
0,5,5,5,5,0,
3,5,5,5,5,3,
5,5,5,5,5,5,
5,5,5,5,5,5,
5,5,5,5,5,5,
5,5,5,5,5,5,
5,5,5,5,5,5,
5,5,5,5,5,5,
5,5,5,5,5,5,
8
0,
16
3,0,0,3,0,0,3,
5,0,0,5,0,0,
5,0,0,5,0,0,0,0,1,
5,0,0,5,0,0,
0,3,0,0,3,0,0,0,0,0,3,
0,5,0,0,5,0,
0,5,0,0,5,0,0,0,0,0,5,
0,5,0,0,5,0,
0,0,0,3,0,0,0,0,1,
0,0,0,5,0,0,
0,0,0,5,0,0,1,
0,0,0,5,0,0,
0,0,3,0,0,0,0,0,3,
0,0,5,0,0,0,
0,0,5,0,0,0,0,0,0,0,1,
0,0,5,0,0,0,
16
0,0,0,3,0,0,1,
0,0,0,5,0,0,
0,0,0,5,0,0,0,0,1,
0,0,0,5,0,0,
0,0,3,0,0,0,0,0,0,0,1,
0,0,5,0,0,0,
0,5,0,0,0,0,0,0,0,0,1,
0,5,0,0,0,0,
3,0,0,0,0,0,0,0,1,
5,0,0,0,0,0,
5,0,0,0,0,0,5,
5,0,0,0,0,0,
5,0,0,0,0,0,0,0,1,
5,0,0,0,0,0,
5,0,0,0,0,0,0,0,0,0,1,
5,0,0,0,0,0,
64
5,
0,0,0,0,0,0,5,
5,
0,0,0,0,0,0,5,
5,
0,0,0,0,0,0,5,
5,
0,0,0,0,0,0,5,
5,
0,0,0,0,0,0,5,
5,
0,0,0,0,0,0,5,
5,
0,0,0,0,0,0,5,
5,
0,0,0,0,0,0,5,
5,
0,0,0,0,0,0,5,
5,
0,0,0,0,0,0,5,
5,
0,0,0,0,0,0,5,
5,
0,0,0,0,0,0,5,
5,
0,0,0,0,0,0,5,
5,
0,0,0,0,0,0,5,
5,
0,0,0,0,0,0,5,
5,
0,0,0,0,0,0,5,
0,
0,
0,
0,
0,
0,
0.
0.
#END