TITLE:君が代
CREDIT:林廣守、奥好義、フランツ・エッケルト (編曲)
BPM:60
LEVEL:2.0
#START
1
0,
24
0,2,0,0,0,0,1,
0,2,0,0,0,0,
0,2,0,0,0,0,1,
0,2,0,0,0,0,
0,2,0,0,0,0,1,
0,2,
2,0,0,0,0,0,1,
2,0,0,0,0,0,
2,0,0,0,0,0,1,
2,0,0,0,0,0,
2,0,0,0,0,0,1,
2,
0,0,2,0,0,0,1,
0,0,2,0,0,0,
0,0,2,0,0,0,1,
0,0,2,0,0,0,
0,0,2,0,0,0,1,
0,0,2,
0,0,0,2,0,0,1,
0,0,0,2,0,0,
0,0,0,2,0,0,1,
0,0,0,2,0,0,
0,0,0,2,0,0,1,
0,0,0,2,
24
0,0,0,0,2,0,1,
0,0,0,0,2,0,
0,0,0,0,2,0,1,
0,0,0,0,2,0,
0,0,0,0,2,0,1,
0,0,0,0,2,
0,0,0,2,0,0,1,
0,0,0,2,0,0,
0,0,0,2,0,0,1,
0,0,0,2,0,0,
0,0,0,2,0,0,1,
0,0,0,2,
0,2,0,0,0,0,1,
0,2,0,0,0,0,
0,2,0,0,0,0,1,
0,2,0,0,0,0,
0,2,0,0,0,0,1,
0,2,0,0,0,0,
0,2,0,0,0,0,1,
0,2,0,0,0,0,
0,2,0,0,0,0,1,
0,2,
0,2,0,0,0,0,1,
0,2,
16
0,
0,
24
0,2,0,0,0,0,1,
0,2,0,0,0,0,
0,2,0,0,0,0,1,
0,2,0,0,0,0,
0,2,0,0,0,0,1,
0,2,
2,0,0,0,0,0,1,
2,0,0,0,0,0,
2,0,0,0,0,0,1,
2,0,0,0,0,0,
2,0,0,0,0,0,1,
2,
0,0,2,0,0,0,1,
0,0,2,0,0,0,
0,0,2,0,0,0,1,
0,0,2,0,0,0,
0,0,2,0,0,0,1,
0,0,2,
0,0,0,2,0,0,1,
0,0,0,2,0,0,
0,0,0,2,0,0,1,
0,0,0,2,0,0,
0,0,0,2,0,0,1,
0,0,0,2,
24
0,0,0,0,2,0,1,
0,0,0,0,2,0,
0,0,0,0,2,0,1,
0,0,0,0,2,0,
0,0,0,0,2,0,1,
0,0,0,0,2,
0,0,0,2,0,0,1,
0,0,0,2,0,0,
0,0,0,2,0,0,1,
0,0,0,2,0,0,
0,0,0,2,0,0,1,
0,0,0,2,
0,2,0,0,0,0,1,
0,2,0,0,0,0,
0,2,0,0,0,0,1,
0,2,0,0,0,0,
0,2,0,0,0,0,1,
0,2,0,0,0,0,
0,2,0,0,0,0,1,
0,2,0,0,0,0,
0,2,0,0,0,0,1,
0,2,
0,2,0,0,0,0,1,
0,2,
16
0,
0,
24
2,2,0,0,0,0,1,
2,2.0,0,0,0,
2,2,0,0,0,0,1,
2,2,0,0,0,0,
2,2,0,0,0,0,1,
2,2,
2,0,2,0,0,0,1,
2,0,2,0,0,0,
2,0,2,0,0,0,1,
2,0,2,0,0,0,
2,0,2,0,0,0,1,
2,0,2,
2,0,0,2,0,0,1,
2,0,0,2,0,0,
2,0,0,2,0,0,1,
2,0,0,2,0,0,
2,0,0,2,0,0,1,
2,0,0,2,
2,0,0,0,2,0,1,
2,0,0,0,2,0,
2,0,0,0,2,0,1,
2,0,0,0,0,2,
2,0,0,0,0,2,1,
2,0,0,0,0,2,
24
0,2,0,0,0,2,1,
0,2,0,0,0,2,
0,2,0,0,0,2,1,
0,2,0,0,0,2,
0,2,0,0,0,2,1,
0,2,0,0,0,2,
0,2,0,0,2,0,1,
0,2,0,0,2,0,
0,2,0,0,2,0,1,
0,2,0,0,2,0,
0,2,0,0,2,0,1,
0,2,0,0,2,
2,0,0,2,0,0,1,
2,0,0,2,0,0,
2,0,0,2,0,0,1,
2,0,0,2,0,0,
2,0,0,2,0,0,1,
2,0,0,2,
2,0,2,0,0,0,1,
2,0,2,0,0,0,
2,0,2,0,0,0,1,
2,0,2,0,0,0,
2,0,2,0,0,0,1,
2,0,2,
16
0,
24
2,0,2,0,0,0,1,
2,0,2,0,0,0,
2,0,2,0,0,0,1,
2,0,2,0,0,0,
2,0,2,0,0,0,1
2,0,2,
2,0,0,2,0,0,1,
2,0,0,2,0,0,
2,0,0,2,0,0,1,
2,0,0,2,0,0,
2,0,0,2,0,0,1,
2,0,0,2,
2,0,0,0,2,0,1,
2,0,0,0,2,0,
2,0,0,0,2,0,1,
2,0,0,0,2,0,
2,0,0,0,2,0,1,
2,0,0,0,2,0,
2,0,0,0,2,0,1,
2,0,0,0,2,0,
2,0,0,0,2,0,1,
2,0,0,0,2,
2,0,0,0,2,0,1,
2,0,0,0,2,
8
0,
16
0,3,0,3,0,0,2,
0,5,0,5,0,0,0,5,
0,5,0,5,0,0,0,0,2,
0,5,0,5,0,0,0,0,0,5,
3,0,3,0,0,0,0,0,0,0,2,
5,0,5,0,0,0,0,0,0,0,0,2,
5,0,5,0,0,0,0,0,0,0,2,
5,0,5,0,0,0,0,0,0,2,
0,3,0,3,0,0,0,0,2,
0,5,0,5,0,0,0,3,
0,5,0,5,0,0,2,
0,5,0,5,0,0,0,5,
0,5,0,5,0,0,0,0,2,
0,5,0,5,0,0,0,0,0,5,
0,5,0,5,0,0,0,0,0,0,2,
0,5,0,5,0,0,0,0,0,0,0,2,
8
0,
16
0,0,3,3,0,0,2,
0,0,5,5,0,0,0,2,
0,0,5,5,0,0,0,0,5,
0,0,5,5,0,0,0,0,0,5,
0,0,0,3,3,0,0,0,0,0,3,
0,0,0,5,5,0,0,0,0,0,0,2,
0,0,0,5,5,0,0,0,0,0,5,
0,0,0,5,5,0,0,0,0,5,
0,0,0,0,3,3,0,0,2,
0,0,0,0,5,5,0,2,
0,0,0,0,5,5,2,
0,0,0,0,5,5,0,2,
3,0,0,3,0,0,0,0,2,
5,0,0,5,0,0,0,0,0,5,
5,0,0,5,0,0,0,0,0,0,2,
5,0,0,5,0,0,0,0,0,0,0,2,
16
3,0,3,0,0,0,3,
5,0,5,0,0,0,0,2,
5,0,5,0,0,0,0,0,5,
5,0,5,0,0,0,0,0,0,2,
3,0,5,0,0,0,0,0,0,0,2,
5,0,5,0,0,0,0,0,0,0,0,2,
5,0,0,0,3,0,0,0,0,0,3,
5,0,0,0,5,0,0,0,0,2,
0,3,0,3,0,0,0,0,2,
0,5,0,5,0,0,0,5,
0,5,0,5,0,0,2,
0,5,0,5,0,0,0,5,
0,5,0,5,0,0,0,0,2,
0,5,0,5,0,0,0,0,0,5,
0,5,0,5,0,0,0,0,0,0,2,
0,5,0,5,0,0,0,0,0,0,0,2,
8
0,
16
0,0,3,3,0,0,
0,0,5,5,0,0,
0,0,5,5,0,0,
0,0,5,5,0,0,
0,3,5,5,3,0,
0,5,5,5,5,0,
0,5,5,5,5,0,
0,5,5,5,5,0,
3,5,5,5,5,3,
5,5,5,5,5,5,
5,5,5,5,5,5,
5,5,5,5,5,5,
5,5,5,5,5,5,
5,5,5,5,5,5,
5,5,5,5,5,5,
5,5,5,5,5,5,
8
0,
16
3,0,0,3,0,0,
5,0,0,5,0,0,
5,0,0,5,0,0,
5,0,0,5,0,0,
0,3,0,0,3,0,
0,5,0,0,5,0,
0,5,0,0,5,0,
0,5,0,0,5,0,
0,0,0,3,0,0,
0,0,0,5,0,0,
0,0,0,5,0,0,
0,0,0,5,0,0,
0,0,3,0,0,0,
0,0,5,0,0,0,
0,0,5,0,0,0,
0,0,5,0,0,0,
16
2,2,2,2,2,2,2,2,2,2,2,2,
2,2,2,2,2,2,2,2,2,2,2,2,
2,2,2,2,2,2,2,2,2,2,2,2,
2,2,2,2,2,2,2,2,2,2,2,2,
2,2,2,2,2,2,2,2,2,2,2,2,
2,2,2,2,2,2,2,2,2,2,2,2,
2,2,2,2,2,2,2,2,2,2,2,2,
2,2,2,2,2,2,2,2,2,2,2,2,
0,
0,
0,
0,
0,
0,
0,
0,
60
3,3,3,3,3,3,3,3,3,3,3,3,
5,5,5,5,5,5,5,5,5,5,5,5,
5,5,5,5,5,5,5,5,5,5,5,5,
5,5,5,5,5,5,5,5,5,5,5,5,
5,5,5,5,5,5,5,5,5,5,5,5,
5,5,5,5,5,5,5,5,5,5,5,5,
5,5,5,5,5,5,5,5,5,5,5,5,
5,5,5,5,5,5,5,5,5,5,5,5,
5,5,5,5,5,5,5,5,5,5,5,5,
5,5,5,5,5,5,5,5,5,5,5,5,
0,
0,
0,
0,
0,
0,
0,
0,
0,
0,
0,
0,
0,
0,
0,
0,
0,
0,
0,
0,
0,
0,
0,
0,
0,
0,
0,
0,
0,
0,
0,
0,
0,
0,
0,
0,
0,
0,
0,
0,
#END