TITLE:2‘ã–Úè…–‚
CREDIT:“Ç’J‚ ‚©‚Ë
BPM:135
LEVEL:2.0
#START
1
0,
4
0,0,0,0,0,1,
0,0,0,0,0,1,
0,0,0,0,0,1,
0,0,0,0,0,1,
4
0,0,0,0,0,1,
0,0,0,0,0,1,
0,0,0,0,0,1,
0,0,0,0,0,1,
4
1,
1,
1,
1,
4
0,0,0,0,0,0,0,0,1,
0,0,0,0,0,0,0,0,1,
0,0,0,0,0,0,0,0,1,
0,0,0,0,0,0,0,0,1,
4
0,0,0,0,1,
0,0,0,0,1,
0,0,0,0,1,
0,0,0,0,1,
4
0,1,
0,1,
0,1,
0,1,
4
0,0,0,0,0,1,
0,0,0,0,0,1,
0,0,0,0,0,1,
0,0,0,0,0,1,
4
0,0,0,0,0,0,0,1,
0,0,0,0,0,0,0,1,
0,0,0,0,0,0,0,1,
0,0,0,0,0,0,0,1,
4
0,0,0,1,
0,0,0,1,
0,0,0,1,
0,0,0,1,
4
0,0,0,0,1,
0,0,0,0,1,
0,0,0,0,1,
0,0,0,0,1,
4
0,0,0,0,0,0,0,0,0,1,
0,0,0,0,0,0,0,0,0,1,
0,0,0,0,0,0,0,0,0,1,
0,0,0,0,0,0,0,0,0,1,
4
0,0,1,
0,0,1,
0,0,1,
0,0,1,
4
0,0,0,0,0,0,0,1,
0,0,0,0,0,0,0,1,
0,0,0,0,0,0,0,1,
0,0,0,0,0,0,0,1,
4
0,0,0,1,
0,0,0,1,
0,0,0,1,
0,0,0,1,
4
0,0,0,0,1,
0,0,0,0,1,
0,0,0,0,1,
0,0,0,0,1,
4
1,
1,
1,
1,
4
0,0,0,0,1,
0,0,0,0,1,
0,0,0,0,1,
0,0,0,0,1,
4
0,0,0,0,0,0,0,0,1,
0,0,0,0,0,0,0,0,1,
0,0,0,0,0,0,0,0,1,
0,0,0,0,0,0,0,0,1,
4
0,0,0,1,
0,0,0,1,
0,0,0,1,
0,0,0,1,
4
0,0,0,0,0,0,0,0,1,
0,0,0,0,0,0,0,0,1,
0,0,0,0,0,0,0,0,1,
0,0,0,0,0,0,0,0,1,
4
1,
1,
1,
1,
4
0,1,
0,1,
0,1,
0,1,
4
0,0,1,
0,0,1,
0,0,1,
0,0,1,
4
0,0,0,0,0,0,0,0,0,1,
0,0,0,0,0,0,0,0,0,1,
0,0,0,0,0,0,0,0,0,1,
0,0,0,0,0,0,0,0,0,1,
4
0,0,1,
0,0,1,
0,0,1,
0,0,1,
4
0,0,1,0,0,1,
0,0,1,0,0,1,
0,0,1,0,0,1,
0,0,1,0,0,1,
4
0,0,0,0,0,1,
8
0,
0,0,0,0,0,1,
0,0,0,0,0,1,
0,
4
0,
6
0,0,0,0,0,2,
0,0,0,0,0,2,
0,0,0,0,0,2,
4
0,0,0,0,0,1,
0,0,0,0,0,1,
4
0,0,0,0,0,1,
8
0,
0,0,0,0,0,1,
0,0,0,0,0,1,
0,
4
0,
6
0,0,0,0,0,2,
0,0,0,0,0,2,
0,0,0,0,0,2,
4
0,0,0,0,0,1,
0,0,0,0,0,1,
4
0,0,0,0,0,1,
0,0,0,0,0,1,
0,0,0,0,0,1,
0,0,0,0,0,1,
4
0,0,0,0,0,1,
0,0,0,0,0,1,
0,0,0,0,0,1,
0,0,0,0,0,1,
8
0,0,0,0,0,1,
0,0,0,0,0,1,
0,0,0,0,0,1,
0,0,0,0,0,1,
0,0,0,0,0,1,
0,0,0,0,0,1,
0,0,0,0,0,1,
0,0,0,0,0,1,
8
0,0,0,0,0,1,
0,0,0,0,0,1,
0,0,0,0,0,1,
0,0,0,0,0,1,
0,0,0,0,0,1,
0,0,0,0,0,1,
0,0,0,0,0,1,
0,0,0,0,0,1,
16
0,0,0,0,0,2,
0,0,0,0,0,5,
0,0,0,0,0,5,
0,0,0,0,0,5,
0,0,0,0,0,5,
0,0,0,0,0,5,
0,0,0,0,0,5,
0,0,0,0,0,5,
4
0,0,0,0,0,0,
0,0,0,0,0,0,
4
0,0,0,1,
0,0,0,1,
0,0,0,1,
0,0,0,1,
4
0,0,0,0,1,
0,0,0,0,1,
0,0,0,0,1,
0,0,0,0,1,
4
0,0,0,1,
0,0,0,1,
0,0,0,1,
0,0,0,1,
4
0,0,1,
0,0,1,
0,0,1,
0,0,1,
4
0,1,
0,1,
0,1,
0,1,
4
0,0,0,1,
0,0,0,1,
0,0,0,1,
0,0,0,1,
4
0,0,0,0,1,
0,0,0,0,1,
0,0,0,0,1,
0,0,0,0,1,
4
0,0,0,0,0,1,0,2,2,
0,0,0,0,0,1,0,2,2,
0,0,0,0,0,1,2,2,2,
0,0,0,0,0,1,2,2,2,
4
0,0,0,0,0,1,0,0,1,
0,0,0,0,0,1,0,1,
0,0,0,0,0,1,1,
0,0,0,0,0,1,0,1,
4
0,0,0,0,0,1,0,0,1,
0,0,0,0,0,1,0,1,
0,0,0,0,0,1,0,1,
0,0,0,0,0,1,1,
4
0,0,0,0,0,1,0,0,1,
0,0,0,0,0,1,0,1,
0,0,0,0,0,1,1,
0,0,0,0,0,1,0,1,
4
0,0,0,0,0,1,0,0,1,
0,0,0,0,0,1,0,1,
0,0,0,0,0,1,0,1,
0,0,0,0,0,1,1,
4
0,0,0,0,0,1,0,1,
0,0,0,0,0,1,0,1,
0,0,0,0,0,1,1,
0,0,0,0,0,1,0,0,1,
4
0,0,0,0,0,1,0,0,1,
0,0,0,0,0,1,0,1,
0,0,0,0,0,1,1,
0,0,0,0,0,1,0,1,
4
0,0,0,0,0,1,0,0,1,
0,0,0,0,0,1,0,1,
0,0,0,0,0,1,0,1,
0,0,0,0,0,1,1,
4
0,0,2,0,0,2,0,0,2,
0,0,2,0,0,2,0,0,2,
0,0,2,0,0,2,0,0,2,
0,0,2,0,0,2,0,0,2,
0,0,2,0,0,2,0,0,2,0,0,2
#END