TITLE:2‘ã–Úè…–‚
CREDIT:“Ç’J‚ ‚©‚Ë
BPM:135
LEVEL:8.0
#START
4
0,0,0,0,0,2,
0,0,0,0,0,2,
0,0,0,0,0,2,
0,0,0,0,0,2,
4
0,0,0,0,0,2,
0,0,0,0,0,2,
0,0,0,0,0,2,
0,0,0,0,0,2,
16
0,0,0,0,0,2,1,
0,0,0,0,0,0,0,1,
0,0,0,0,0,0,0,0,1,
0,0,0,0,0,0,0,0,0,1,
0,0,0,0,0,2,
0,0,0,0,0,0,0,0,0,1
0,0,0,0,0,0,0,0,1
0,0,0,0,0,0,0,1,
0,0,0,0,0,2,1,
0,0,0,0,0,0,0,1,
0,0,0,0,0,0,0,0,1,
0,0,0,0,0,0,0,0,0,1,
0,0,0,0,0,2,
0,0,0,0,0,0,0,0,0,1,
0,0,0,0,0,0,0,0,1,
0,0,0,0,0,0,0,1,
16
0,0,0,0,0,2,1,
0,0,0,0,0,0,0,1,
0,0,0,0,0,0,0,0,1,
0,0,0,0,0,0,0,0,0,1,
0,0,0,0,0,2,
0,0,0,0,0,0,0,0,0,1
0,0,0,0,0,0,0,0,1
0,0,0,0,0,0,0,1,
0,0,0,0,0,2,1,
0,0,0,0,0,0,0,1,
0,0,0,0,0,0,0,0,1,
0,0,0,0,0,0,0,0,0,1,
0,0,0,0,0,2,
0,0,0,0,0,0,0,0,0,1,
0,0,0,0,0,0,0,0,1,
0,0,0,0,0,0,0,1,
16
0,0,0,0,0,2,1,
0,0,0,0,0,0,0,1,
0,0,0,0,0,0,0,0,1,
0,0,0,0,0,0,0,0,0,1,
0,0,0,0,0,2,
0,0,0,0,0,0,0,0,0,1
0,0,0,0,0,0,0,0,1
0,0,0,0,0,0,0,1,
0,0,0,0,0,2,1,
0,0,0,0,0,0,0,1,
0,0,0,0,0,0,0,0,1,
0,0,0,0,0,0,0,0,0,1,
0,0,0,0,0,2,
0,0,0,0,0,0,0,0,0,1,
0,0,0,0,0,0,0,0,1,
0,0,0,0,0,0,0,1,
16
0,0,0,0,0,2,1,
0,0,0,0,0,0,0,1,
0,0,0,0,0,0,0,0,1,
0,0,0,0,0,0,0,0,0,1,
0,0,0,0,0,2,
0,0,0,0,0,0,0,0,0,1
0,0,0,0,0,0,0,0,1
0,0,0,0,0,0,0,1,
0,0,0,0,0,2,1,
0,0,0,0,0,0,0,1,
0,0,0,0,0,0,0,0,1,
0,0,0,0,0,0,0,0,0,1,
0,0,0,0,0,2,
0,0,0,0,0,0,0,0,0,1,
0,0,0,0,0,0,0,0,1,
0,0,0,0,0,0,0,1,
16
0,0,0,0,0,2,1,
0,0,0,0,0,0,0,1,
0,0,0,0,0,0,0,0,1,
0,0,0,0,0,0,0,0,0,1,
0,0,0,0,0,2,
0,0,0,0,0,0,0,0,0,1
0,0,0,0,0,0,0,0,1
0,0,0,0,0,0,0,1,
0,0,0,0,0,2,1,
0,0,0,0,0,0,0,1,
0,0,0,0,0,0,0,0,1,
0,0,0,0,0,0,0,0,0,1,
0,0,0,0,0,2,
0,0,0,0,0,0,0,0,0,1,
0,0,0,0,0,0,0,0,1,
0,0,0,0,0,0,0,1,
16
0,0,0,0,0,2,1,
0,0,0,0,0,0,0,1,
0,0,0,0,0,0,0,0,1,
0,0,0,0,0,0,0,0,0,1,
0,0,0,0,0,2,
0,0,0,0,0,0,0,0,0,1
0,0,0,0,0,0,0,0,1
0,0,0,0,0,0,0,1,
0,0,0,0,0,2,1,
0,0,0,0,0,0,0,1,
0,0,0,0,0,0,0,0,1,
0,0,0,0,0,0,0,0,0,1,
0,0,0,0,0,2,
0,0,0,0,0,0,0,0,0,1,
0,0,0,0,0,0,0,0,1,
0,0,0,0,0,0,0,1,
4
0,0,0,0,0,2,
0,0,0,0,0,2,
0,0,0,0,0,2,
0,0,0,0,0,2,
4
0,0,0,0,0,2,
0,0,0,0,0,2,
0,0,0,0,0,2,
0,0,0,0,0,2,
16
1,0,0,0,0,2,
0,0,0,0,0,0,
0,0,0,0,0,0,
0,0,0,0,0,0,
0,1,0,0,0,2,
0,0,0,0,0,0,
0,1,0,0,0,0,
0,0,0,0,0,0,
0,1,0,0,0,2,
0,0,0,0,0,0,
0,0,0,0,0,0,
0,0,1,0,0,0,
0,0,0,0,0,2,
0,0,0,0,0,0,
1,0,0,0,0,0,
0,0,0,0,0,0,
16
0,0,0,0,0,2,1,
0,0,0,0,0,0,0,1,
0,0,0,0,0,0,1,
0,0,0,0,0,0,
0,0,0,0,0,2,0,1,
0,0,0,0,0,0,
0,0,0,0,0,0,
0,0,0,0,0,0,0,0,0,1,
0,0,0,0,0,2,
0,0,0,0,0,0,
0,0,0,0,0,0,
0,0,0,0,0,0,
0,0,0,0,0,2,
0,0,0,0,0,0,0,1,
0,0,0,0,0,0,0,0,1,
0,0,0,0,0,0,0,0,0,1,
16
0,0,1,0,0,2,
0,0,0,0,0,0,
1,0,0,0,0,0,
0,0,0,0,0,0,
0,1,0,0,0,2,
0,0,0,0,0,0,
0,0,1,0,0,0,
0,1,0,0,0,0,
0,0,0,0,0,2,
0,0,1,0,0,0,
0,1,0,0,0,0,
0,0,0,0,0,0,
0,0,1,0,0,2,
0,0,0,0,0,0,
0,1,0,0,0,0,
1,0,0,0,0,0,
16
0,0,0,0,0,2,
0,0,0,0,0,0,0,1,
0,0,0,0,0,0,1,
0,0,0,0,0,0,
0,0,0,0,0,2,0,1,
0,0,0,0,0,0,
0,0,0,0,0,0,
0,0,0,0,0,0,0,0,0,1,
0,0,0,0,0,2,
0,0,0,0,0,0,
0,0,0,0,0,0,
0,0,0,0,0,0,
0,0,0,0,0,2,1,
0,0,0,0,0,0,
0,0,0,0,0,0,
0,0,0,0,0,0,
16
0,1,0,0,0,2,
0,0,0,0,0,0,
0,0,0,0,0,0,
0,0,0,0,0,0,
0,1,0,0,0,2,
0,0,0,0,0,0,
0,1,0,0,0,0,
0,0,0,0,0,0,
1,0,0,0,0,2,
0,0,0,0,0,0,
0,0,0,0,0,0,
0,0,1,0,0,0,
0,0,0,0,0,2,
0,0,0,0,0,0,
1,0,0,0,0,0,
0,0,0,0,0,0,
16
0,0,1,0,0,2,
0,1,0,0,0,0,
1,0,0,0,0,0,
0,0,0,0,0,0,
0,0,1,0,0,2,
0,0,0,0,0,0,
0,0,0,0,0,0,
0,0,0,1,0,0,
0,0,0,0,0,2,
0,0,0,0,0,0,
0,0,0,0,0,0,
0,0,0,0,0,0,
0,0,0,0,0,2,
0,0,0,1,0,0,
0,0,1,0,0,0,
0,1,0,0,0,0,
16
0,0,0,1,0,2,
0,0,0,0,0,0,
0,5,0,0,0,0,
0,5,0,0,0,0,
0,5,0,0,0,2,
0,5,0,0,0,0,
0,5,0,0,0,0,
0,5,0,0,0,0,
0,0,0,0,0,2,
0,0,0,1,0,0,
0,0,0,0,1,0,
0,0,0,0,0,0,
0,1,0,0,0,2,
0,0,0,0,0,0,
0,0,1,0,0,0,
0,1,0,0,0,0,
8
3,0,0,0,0,2,
5,0,0,0,0,0,
5,0,0,0,0,2,
5,0,0,0,0,0,
5,0,0,0,0,2,
5,0,0,0,0,0,
0,1,0,0,0,2,
0,0,0,0,0,0,
8
1,0,0,0,0,2,
0,0,0,0,0,0,
1,0,0,0,0,2,
1,0,0,0,0,0,
0,1,0,0,0,2,
0,0,0,0,0,0,
0,0,1,0,0,2,
1,0,0,0,0,0,
16
0,0,1,0,0,2,
0,1,0,0,0,0,
1,0,0,0,0,0,
0,0,0,0,0,0,
0,0,1,0,0,2,
0,0,0,0,0,0,
0,1,0,0,0,0,
1,0,0,0,0,0,
0,0,0,0,0,2,
0,1,0,0,0,0,
1,0,0,0,0,0,
0,0,0,0,0,0,
0,0,1,0,0,2,
0,0,0,0,0,0,
0,1,0,0,0,0,
1,0,0,0,0,0,
16
0,0,0,0,0,2,0,0,1
0,0,0,0,0,0,
0,0,0,0,0,0,1,
0,0,0,0,0,0,
0,0,0,0,0,2,0,1,
0,0,0,0,0,0,
0,0,0,0,0,0,0,1,
0,0,0,0,0,0,1,
0,0,0,0,0,2,
0,0,0,0,0,0,0,0,1,
0,0,0,0,0,0,1,
0,0,0,0,0,0,
0,0,0,0,0,2,0,1,
0,0,0,0,0,0,
0,0,0,0,0,0,0,1,
0,0,0,0,0,0,1,
16
0,0,0,0,0,2,
0,1,0,0,0,0,
1,0,0,0,0,0,
0,0,0,0,0,0,
0,1,0,0,0,2,
0,0,0,0,0,0,
0,0,0,0,0,0,
0,0,3,0,0,0,
0,0,5,0,0,2,
0,0,5,0,0,0,
0,0,5,0,0,0,
0,0,5,0,0,0,
0,1,0,0,0,2,
0,0,0,0,0,0,
0,0,0,0,0,0,
0,0,0,0,0,0,
16
1,0,0,0,0,2,
0,0,0,0,0,0,
0,0,0,0,0,0,
0,0,0,0,0,0,
1,0,0,0,0,2,
0,0,0,0,0,0,
1,0,0,0,0,0,
0,0,0,0,0,0,
1,0,0,0,0,2,
0,0,0,0,0,0,
0,0,0,0,0,0,
0,1,0,0,0,0,
0,0,0,0,0,2,
0,0,0,0,0,0,
1,0,0,0,0,0,
0,0,0,0,0,0,
16
0,0,0,0,0,2,0,1,
0,0,0,0,0,0,1,
0,0,0,0,0,0,0,1,
0,0,0,0,0,0,
0,0,0,0,0,2,0,0,1,
0,0,0,0,0,0,
0,0,0,0,0,0,
0,0,0,0,0,0,0,0,0,1,
0,0,0,0,0,2,
0,0,0,0,0,0,
0,0,0,0,0,0,
0,0,0,0,0,0,
0,0,0,0,0,2,
0,0,0,0,0,0,0,0,1,
0,0,0,0,0,0,0,1,
0,0,0,0,0,0,1,
16
0,0,1,0,0,2,
0,0,0,0,0,0,
0,1,0,0,0,0,
1,0,0,0,0,0,
0,1,0,0,0,2,
1,0,0,0,0,0,
0,1,0,0,0,0,
1,0,0,0,0,0,
0,0,0,0,0,2,
0,1,0,0,0,0,
1,0,0,0,0,0,
0,0,0,0,0,0,
1,0,0,0,0,2,
0,0,0,0,0,0,
0,0,1,0,0,0,
0,0,0,0,0,0,
4
0,0,2,0,0,2,
0,0,2,0,0,2,
0,0,2,0,0,2,
0,0,0,0,0,2,
8
0,0,0,0,0,2,
0,0,0,0,0,0,
0,0,0,0,0,0,
0,0,0,0,0,2,
0,0,0,0,0,2,
0,0,0,0,0,0,
0,0,0,0,0,0,
0,0,0,0,0,0,
12
0,0,0,0,0,2,
0,0,0,0,0,0,
0,0,0,0,0,2,
0,0,0,0,0,0,
0,0,0,0,0,2,
0,0,0,0,0,0,
0,0,0,0,0,2,
0,0,0,0,0,0,
0,0,0,0,0,0,
0,0,0,0,1,0,
0,0,0,0,0,0,
0,0,0,0,0,0,
8
0,0,0,0,0,2,
0,0,0,0,0,0,
0,0,0,0,0,0,
0,0,0,0,0,2,
0,0,0,0,0,2,
0,0,0,0,0,0,
0,0,0,0,1,0,
0,0,0,0,0,0,
12
0,0,0,0,0,2,
0,0,0,0,0,0,
0,0,0,0,0,2,
0,0,0,0,0,0,
0,0,0,0,0,2,
0,0,0,0,0,0,
0,0,0,0,0,2,
0,0,0,0,0,0,
0,0,0,0,0,0,
0,0,0,0,0,2,
0,0,0,0,0,0,
0,0,0,0,0,0,
4
0,0,0,0,0,2,
0,0,0,0,0,2,
0,0,0,0,0,2,
0,0,0,0,0,2,
16
0,0,0,0,0,2,
0,0,0,0,0,0,
0,0,0,0,1,0,
0,0,0,0,0,0,
0,0,0,0,0,2,
0,0,0,0,0,0,
0,0,0,0,1,0,
0,0,0,0,0,0,
0,0,0,0,0,2,
0,0,0,0,0,0,
0,0,0,0,0,2,
0,0,0,0,0,0,
0,0,0,0,1,0,
0,0,0,0,0,0,
0,0,0,0,0,2,
0,0,0,0,0,0,
16
0,0,0,0,0,2,
0,0,0,0,1,0,
0,0,0,0,0,2,
0,0,0,0,1,0,
0,0,0,0,0,2,
0,0,0,0,1,0,
0,0,0,0,0,2,
0,0,0,0,1,0,
0,0,0,0,0,2,
0,0,0,0,1,0,
0,0,0,0,0,2,
0,0,0,0,1,0,
0,0,0,0,0,2,
0,0,0,0,1,0,
0,0,0,0,0,2,
0,0,0,0,1,0,
16
0,0,0,0,0,2,
0,0,0,0,1,0,
0,0,0,0,0,2,
0,0,0,0,1,0,
0,0,0,0,0,2,
0,0,0,0,1,0,
0,0,0,0,0,2,
0,0,0,0,1,0,
0,0,0,0,0,2,
0,0,0,0,1,0,
0,0,0,0,0,2,
0,0,0,0,1,0,
0,0,0,0,0,2,
0,0,0,0,1,0,
0,0,0,0,0,2,
0,0,0,0,1,0,
16
0,0,0,0,0,2,
0,0,0,0,0,5,
0,0,0,0,0,5,
0,0,0,0,0,5,
0,0,0,0,0,5,
0,0,0,0,0,5,
0,0,0,0,0,5,
0,0,0,0,0,5,
4
0,0,0,0,0,0,
0,0,0,0,0,0,
16
0,0,1,0,0,2,
0,0,0,0,0,0,
0,0,0,0,0,0,
1,0,0,0,0,0,
0,0,0,0,0,2,
1,0,0,0,0,0,
0,1,0,0,0,0,
1,0,0,0,0,0,
0,0,0,0,0,2,
1,0,0,0,0,0,
0,0,0,0,0,0,
1,0,0,0,0,0,
0,1,0,0,0,2,
0,0,0,0,0,0,
1,0,0,0,0,0,
0,0,0,0,0,0,
16
0,0,0,0,0,2,
0,0,0,0,0,0,
0,0,0,0,0,0,1,
0,0,0,0,0,0,0,1,
0,0,0,0,0,2,1,
0,0,0,0,0,0,0,1,
0,0,0,0,0,0,1,
0,0,0,0,0,0,0,1,
0,0,0,0,0,2,
0,0,0,0,0,0,1,
0,0,0,0,0,0,0,1,
0,0,0,0,0,0,1,
0,0,0,0,0,2,0,1
0,0,0,0,0,0,
0,0,0,0,0,0,1,
0,0,0,0,0,0,
16
0,0,0,0,0,2,
0,0,0,0,0,0,
0,0,0,0,0,0,
0,0,0,0,0,0,
1,0,0,0,0,2,
0,1,0,0,0,0,
1,0,0,0,0,0,
0,1,0,0,0,0,
1,0,0,0,0,2,
0,0,0,0,0,0,
1,0,0,0,0,0,
0,1,0,0,0,0,
1,0,0,0,0,2,
0,0,0,0,0,0,
1,0,0,0,0,0,
0,0,0,0,0,0,
16
0,0,0,0,0,2,
0,0,0,0,0,0,
1,0,0,0,0,0,
0,1,0,0,0,0,
1,0,0,0,0,2,
0,1,0,0,0,0,
1,0,0,0,0,0,
0,1,0,0,0,0,
0,0,0,0,0,2,
1,0,0,0,0,0,
0,0,0,0,0,0,
1,0,0,0,0,0,
0,1,0,0,0,2,
0,0,0,0,0,0,
1,0,0,0,0,0,
0,0,0,0,0,0,
16
0,0,0,0,0,2,
0,0,0,0,0,0,
1,0,0,0,0,0,
0,1,0,0,0,0,
1,0,0,0,0,2,
0,1,0,0,0,0,
0,0,0,0,0,0,
1,0,0,0,0,0,
0,0,0,0,0,2,
1,0,0,0,0,0,
0,1,0,0,0,0,
1,0,0,0,0,0,
0,1,0,0,0,2,
0,0,0,0,0,0,
0,1,0,0,0,0,
0,0,0,0,0,0,
16
0,0,0,0,0,2,
0,0,0,0,0,0,
0,0,0,0,0,0,
0,0,0,0,0,0,
1,0,0,0,0,2,
0,1,0,0,0,0,
1,0,0,0,0,0,
0,1,0,0,0,0,
1,0,0,0,0,2,
0,1,0,0,0,0,
0,0,0,0,0,0,
1,0,0,0,0,0,
0,1,0,0,0,2,
0,0,0,0,0,0,
0,1,0,0,0,0,
0,0,0,0,0,0,
16
0,0,0,0,0,2,
0,0,0,0,0,0,
1,0,0,0,0,0,
0,0,0,0,0,0,
0,1,0,0,0,2,
1,0,0,0,0,0,
0,1,0,0,0,0,
1,0,0,0,0,0,
0,0,0,0,0,2,
1,0,0,0,0,0,
0,0,0,0,0,0,
0,1,0,0,0,0,
1,0,0,0,0,2,
0,0,0,0,0,0,
1,0,0,0,0,0,
0,0,0,0,0,0,
4
1,0,0,0,0,2,
1,0,0,0,0,2,
1,0,0,0,0,2,
0,0,0,0,0,2,
16
1,0,0,0,0,2,
0,0,0,0,0,0,
0,0,0,0,0,0,
0,0,0,0,0,0,
0,0,1,0,0,2,
0,0,0,0,0,0,
0,0,0,0,0,0,
0,0,0,0,0,0,
1,0,0,0,0,2,
0,0,0,0,0,0,
0,0,0,0,0,0,
1,0,0,0,0,0,
0,0,0,0,0,2,
0,0,0,0,0,0,
1,0,0,0,0,0,
0,0,0,0,0,0,
16
0,1,0,0,0,2,
0,0,0,0,0,0,
0,0,0,0,0,0,
0,0,0,0,0,0,
0,0,0,0,0,2,
0,0,0,0,0,0,
0,1,0,0,0,0,
1,0,0,0,0,0,
0,1,0,0,0,2,
0,0,0,0,0,0,
0,0,0,0,0,0,
0,0,0,0,0,0,
0,0,0,0,0,2,
0,0,0,0,0,0,
0,1,0,0,0,0,
1,0,0,0,0,0,
16
0,1,0,0,0,2,
0,0,0,0,0,0,
0,0,0,0,0,0,
1,0,0,0,0,0,
0,0,0,0,0,2,
0,0,0,0,0,0,
1,0,0,0,0,0,
0,0,0,0,0,0,
1,0,0,0,0,2,
0,0,0,0,0,0,
0,0,0,0,0,0,
1,0,0,0,0,0,
0,0,0,0,0,2,
0,0,0,0,0,0,
1,0,0,0,0,0,
0,0,0,0,0,0,
16
1,1,1,0,0,2,
0,0,0,0,0,0,
0,0,0,0,0,0,
0,0,0,0,0,0,
0,1,0,1,0,2,
0,0,0,0,0,0,
0,0,0,0,0,0,
0,0,0,0,0,0,
0,0,1,0,0,2,
0,0,0,0,0,0,
0,0,0,0,0,0,
0,1,0,0,0,0,
0,0,0,0,0,2,
0,0,0,0,0,0,
0,0,0,0,0,0,
0,0,0,0,0,0,
16
1,1,1,0,0,2,
0,0,0,0,0,0,
0,0,0,0,0,0,
0,0,0,0,0,0,
1,0,0,0,0,2,
0,0,0,0,0,0,
0,0,0,0,0,0,
0,0,0,0,0,0,
1,0,1,0,0,2,
0,0,0,0,0,0,
0,0,0,0,0,0,
1,1,0,0,0,0,
0,0,0,0,0,2,
0,0,0,0,0,0,
1,0,0,0,0,0,
0,0,0,0,0,0,
16
1,0,0,0,0,2,
0,0,0,0,0,0,
0,0,0,0,0,0,
0,0,0,0,0,0,0,1,0,0,0,0,
0,0,0,0,0,2,
0,0,0,0,0,0,
0,0,0,0,0,0,0,0,1,0,0,0,
0,0,0,0,0,0,
0,1,0,0,0,2,
0,0,0,0,0,0,
0,0,0,0,0,0,
0,0,0,0,0,0,
0,0,0,0,0,2,
0,0,0,0,0,0,
0,0,0,0,0,0,1,0,0,0,0,0,
0,0,0,0,0,0,0,1,0,0,0,0,
16
1,0,0,0,0,2,
0,0,0,0,0,0,
0,1,0,0,0,0,
1,0,0,0,0,0,
0,0,0,0,0,2,
1,0,0,0,0,0,
0,0,0,0,0,0,
0,0,0,0,0,0,0,1,0,0,0,0,
0,0,0,0,0,2,
0,0,0,0,0,0,
1,0,0,0,0,0,
0,0,0,0,0,0,
1,0,0,0,0,2,
0,0,0,0,0,0,
0,0,0,0,0,0,1,0,0,0,0,0,
0,0,0,0,0,0,
4
2,2,2,0,0,2,
2,2,2,0,0,2,
2,2,2,0,0,2,
2,2,2,0,0,2,
4
2,2,2,0,0,2,
#END