TITLE:シャルル
CREDIT:バルーン
BPM:144.9
LEVEL:6.5
#START
1
0,
8
0,0,1,
0,0,0,1,
0,0,0,0,1,
0,0,0,0,0,1,
1,
0,3,
0,5,
0,0,1,0,0,0,0,0,1,
8
0,0,0,0,1,0,0,0,0,0,1,
0,1,0,0,0,0,0,1,
1,
2,
2,
0,1,
0,0,1,
0,0,0,1,
8
0,0,0,0,1,
0,0,0,0,0,1,
0,0,0,1,
0,0,0,0,2,
1,
0,0,0,0,0,1,
0,1,
0,0,0,2,
0,0,1,
0,0,0,0,3,
0,0,0,0,5,
0,0,0,0,5,
0,
1,
8
0,0,0,0,0,0,0,0,2,
0,1,
0,0,0,2,0,0,
0,0,1,0,0,3,
8
1,0,0,0,0,5,
0,0,1,0,
0,0,0,0,1,
0,1,
1,
0,0,0,1,
0,0,0,2,
0,0,0,2,
0,2,
0,0,0,0,0,1,
1,
0,0,1,
0,0,0,0,0,2,
0,0,0,0,1,
0,0,0,1,
0,0,3,0,3,
0,0,5,0,5,
0,0,5,0,5,
0,0,5,0,5,
0,0,5,0,5,
1,
0,0,2,
0,0,0,0,1,
0,2,
3,3,3,3,3,3,
5,5,5,5,5,5,
5,5,5,5,5,5,
5,5,5,5,5,5,
5,5,5,5,5,5,
5,5,5,5,5,5,
16
0,0,0,0,0,
0,0,0,0,0,0,
0,0,0,0,
1,0,0,0,
0,1,0,0,0,0,
0,0,0,0,2
2,0,0,0,0,
0,1,0,
0,0,0,0,0,2
1,0,0,0,0,0,
0,1,0,
0,0,0,2,
16
1,0,0,0,
0,1,0,0,0,0,
0,0,0,0,2
0,0,0,3,
0,0,0,5,
0,0,0,5
0,0,0,5,
2,0,0,5,0,
0,1,0,
0,0,0,0,0,2
1,0,0,0,0,0,
0,1,0,
0,0,0,2,
16
1,
0,1,
0,0,0,0,0,2
1,0,0,0,
0,1,0,0,0,0,
0,0,0,0,2
0,0,0,3
0,0,0,5
0,0,0,5,
0,0,0,5,
2,0,0,5,0,
0,1,0,
0,0,0,0,0,2
1,0,0,0,0,0,
0,1,0,
0,0,0,2,
1,0,0,0,
0,1,0,0,0,0,
0,0,0,0,2
16
1,0,0,0,0,0,
0,1,0,
0,0,0,0,1,
0,0,0,0,5,0,
0,0,0,0,5,
0,0,0,0,5
0,0,0,0,5
1,0,0,0,
0,1,0,0,0,0,
0,0,0,0,2
2,0,0,0,0,
0,1,0,
0,0,0,0,0,2
1,0,0,0,0,0,
0,1,0,
16
0,0,0,2,
0,0,0,3
0,0,0,5
0,0,0,5,
2,0,0,5,0,
16
0,0,0,0,0,
0,0,0,0,0,0,
0,0,0,0,
1,0,0,0,
0,1,0,0,0,0,
0,0,0,0,2
2,0,0,0,0,
0,1,0,
0,0,0,0,0,2
1,0,0,0,0,0,
0,1,0,
0,0,0,2,
16
1,0,0,0,
0,1,0,0,0,0,
0,0,0,0,2
0,0,0,3,
0,0,0,5,
0,0,0,5
0,0,0,5,
2,0,0,5,0,
0,1,0,
0,0,0,0,0,2
1,0,0,0,0,0,
0,1,0,
0,0,0,2,
16
1,
0,1,
0,0,0,0,0,2
1,0,0,0,
0,1,0,0,0,0,
0,0,0,0,2
0,0,0,3
0,0,0,5
0,0,0,5,
0,0,0,5
2,0,0,5,0,
0,1,0,
0,0,0,0,0,2
1,0,0,0,0,0,
0,1,0,
0,0,0,2,
1,0,0,0,
0,1,0,0,0,0,
0,0,0,0,2
2,0,0,0,0,
0,1,0,
16
0,0,0,2,
0,0,0,0,1,
0,0,0,0,5,0,
0,0,0,0,5
0,0,0,0,5
0,0,0,0,5
1,0,0,0,
0,1,0,0,0,0,
0,0,0,0,2
2,0,0,0,0,
0,1,0,
0,0,0,0,0,2
1,0,0,0,0,0,
0,1,0,
16
0,0,0,2,
0,0,0,3
0,0,0,5
0,0,0,5,
2,0,0,5,0,
8
0,0,1,
0,1,
0,0,0,2,
0,0,0,0,0,1,
0,0,2,
0,1,
0,2,
0,0,0,0,1,
1,
0,0,1,
1,
0,1,
0,0,1,
0,0,0,1,
0,0,0,0,1,
0,0,0,0,0,1,
0,0,0,0,1,
0,0,0,1,
0,0,1,
0,1,
0,0,0,0,0,1,
0,0,0,0,1,
1,
0,0,0,2,
0,1,
0,0,1,
0,0,0,1,
0,0,0,0,1,
0,0,0,0,0,1,
0,2,
0,0,1,
0,0,0,0,1,
0,2,
0,0,0,1,
0,0,1,
0,0,0,0,0,2,
0,0,0,0,1,
1,
0,0,2,
0,0,0,1,
0,0,0,0,0,2,
0,0,0,0,2,
2,0,0,1,
0,1,
0,0,0,2,
0,0,1,0,2,
0,0,0,2,
1,0,1,
0,0,0,1,0,1,
1,1,1,1,1,1,
5,5,5,5,5,5,
5,5,5,5,5,5,
5,5,5,5,5,5,
5,5,5,5,5,5,
5,5,5,5,5,5,
5,5,5,5,5,5,
5,5,5,5,5,5,
5,5,5,5,5,5,
5,5,5,5,5,5,
5,5,5,5,5,5,
0,0,1,
0,0,0,1,
0,0,0,2,
0,0,0,0,0,1,
0,2,
1,
0,0,0,0,1,
0,0,2,
0,0,0,1,
0,0,1,
0,1,
1,
0,0,0,0,1,2,
0,0,0,1,
2,
0,0,1,
0,0,0,0,0,1
0,0,0,2,
0,0,2,2,
0,2,
1,
0,0,0,0,2,
0,1,
0,0,2,
0,0,0,0,1,
0,1,0,
0,0,0,0,1,
1,
0,0,1,0,1,
2,2,2,2,2,2,
0,0,0,0,0,0,
2,2,2,2,2,2,
0,0,0,0,0,0,
2,2,2,2,2,2,
0,0,1,
0,0,0,0,0,2,
0,0,0,0,1,
0,0,0,1,
0,1,
1,
0,0,0,2,
0,0,1,
0,1,
0,0,0,0,2,
0,1,
0,
0 0,2,2,
0,1,0,0,2,
1,
0,0,0,0,0,1,
0,0,1,
0,0,0,2,
0,0,0,0,1,
2,
0,0,2,0,2,
0,2,0,2,0,2,
1,0,0,0,0,1,
0,0,2,
0,1,
0,0,0,0,1,
2,0,0,1,
0,1,0,0,0,1,
0,5,0,0,0,5,
0,5,0,0,0,5,
0,5,0,0,0,5,
0,2,
0,0,0,2,
0,0,0,0,0,1,
0,0,2,2,
0,0,5,5,
0,1,0,0,1,
0,0,1,1,
0,0,5,5,
0,0,5,5,
0,1,0,0,1,
1,0,1,
5,0,5,
5,0,5,
0,0,0,1,
0,0,1,
0,0,0,0,2,
0,1,
0,0,1,1,
0,0,5,5,
0,0,0,0,1,
0,0,0,2,
0,1,
0,0,2,
1,
0,0,0,0,1,
0,0,1,
0,0,0,2,
0,1,
0,0,3,
0,0,5,
0,0,5,0,3,
0,0,0,0,5,
3,0,0,0,5,
5,
5,0,0,3
0,0,0,5,
0,0,0,5,
0,0,0,5,
0,2,0,0,0,2,
0,5,0,0,0,5,
0,0,1,
0,0,1,
0,0,5,0,1,
0,0,0,0,1,
0,1,0,0,5,
0,5,
0,5,0,2,
0,0,0,5,
1,0,0,5,
5,
5,
0,0,0,1,
0,0,0,0,0,2,
0,1,
0,0,1,0,2,
1,
0,0,0,0,0,1,
0,0,0,2,
0,0,0,5,
0,0,0,5,
2,2,2,2,2,2,
0,
2,2,2,2,2,2,
0,
2,2,2,2,2,2,
0,0,1,
0,0,0,2,
0,0,1,
0,0,5,
0,0,5,
0,0,0,0,1,
0,0,0,1,
0,0,0,5,
0,0,0,5,
0,1,
0,0,2,
0,0,0,0,0,1,
1,
0,0,0,2,
0,0,1,
0,1,0,0,0,2,
0,0,0,0,2,
0,0,1,
0,0,0,0,2,
0,0,0,0,0,1,
2,0,0,1,
0,0,2,
0,0,0,0,1,
0,1,
0,0,0,2,
0,0,1,
2,0,0,1,
0,0,0,0,1,
0,2,0,0,0,1,
0,0,1,
0,0,0,0,2,
0,0,0,0,5,
2,0,0,0,5,
5,
5,0,0,1,
0,0,0,5,
0,0,0,5,
0,0,1,
0,0,0,0,0,2,
0,1,
1,
0,0,1,
0,0,0,1,
1,
0,0,2,
0,0,0,0,1,
0,1,
0,0,0,0,0,2,
1,
5,0,0,2,
5,0,0,0,0,2,
0,0,2,0,1,
1,0,0,
0,0,1,
0,0,0,0,0,2,
0,1,
1,
0,0,2,
0,0,0,1,
0,0,0,1,
0,1,
2,0,0,2,
2,0,0,2,
5,0,0,5,
5,0,0,5,
0,0,2,0,0,2,
0,0,5,0,0,5,
0,0,5,0,0,5,
0,1,
0,0,0,2,
0,0,1,
1,0,0,0,0,2,
0,0,0,2,1,
0,1,0,0,0,1,
0,5,0,0,0,5,
0,5,0,0,0,5,
1,2,1,2,1,2,
2,1,2,1,2,1,
5,5,5,5,5,5,
5,5,5,5,5,5,
5,5,5,5,5,5,
5,5,5,5,5,5,
5,5,5,5,5,5,
5,5,5,5,5,5,
5,5,5,5,5,5,
5,5,5,5,5,5,
5,5,5,5,5,5,
5,5,5,5,5,5,
0,1,
0,0,0,2,0,1,
0,0,1,0,2,
2,0,0,1,
0,0,0,0,0,1,
1,2,1,2,1,2,
2,1,2,1,2,1,
0,1,
0,0,0,0,0,1,
0,0,1,0,2,
2,0,0,1,
0,0,0,0,0,1,
0,1,0,0,2,
1,0,1,
0,1,2,0,0,1,
1,2,1,2,1,2,
2,1,2,1,2,1,
5,5,5,5,5,5,
5,5,5,5,5,5,
5,5,5,5,5,5,
5,5,5,5,5,5,
5,5,5,5,5,5,
5,5,5,5,5,5,
5,5,5,5,5,5,
5,5,5,5,5,5,
5,5,5,5,5,5,
5,5,5,5,5,5,
5,5,5,5,5,5,
5,5,5,5,5,5,
5,5,5,5,5,5,
5,5,5,5,5,5,
5,5,5,5,5,5,
5,5,5,5,5,5,
5,5,5,5,5,5,
5,5,5,5,5,5,
0,1,0,0,2,
0,0,1,0,0,2,
0,0,0,1,
0,0,0,0,2,
1,0,0,1,0,1,
0,2,0,0,1,
1,0,2,
0,0,1,0,0,2,
1,0,0,2,0,1,
0,0,2,0,2,
1,0,0,1,0,2,
0,0,1,0,0,1,
0,1,0,0,0,1,
1,0,0,0,2,
0,2,1,
1,0,0,0,2,0,
1,0,0,0,0,2,
0,0,2,
0,2,0,0,1,1,
0,5,0,0,5,5,
0,5,0,0,5,5,
0,5,0,0,5,5,
0,1,0,2,
0,0,1,0,2,
0,0,0,1,0,2,
0,1,0,0,1,
2,2,2,2,2,2,
0,
2,2,2,2,2,2,
0,
2,2,2,2,2,2,
#END