TITLE:メズマライザー
CREDIT:サツキ
BPM:185
LEVEL:2.0
#START
1
0,
16
3,
5,
5,
0,1,
0,
0,
0,1,
0,
1,
0,
0,
0,
0,
1,
0,1,
0,0,1,
16
1,
0,
0,
0,1,
0,
0,0,1,
0,1,
1,
0,1,
0,
0,
0,0,1,
0,
0,
0,0,0,0,0,0,0,0,1,
0,
16
0,0,0,1,0,0,
0,0,0,0,0,0,
0,0,0,0,0,0,
0,0,1,
0,
0,0,0,0,1,
0,0,0,1,
0,0,1,
0,1,
0,
0,
1,
0,
0,1,
0,0,1,
0,0,0,1,
16
1,
0,
0,
1,
0,1,
0,
0,0,1,
0,
0,
0,
0,1,
0,
0,
0,0,0,1,
0,0,0,0,1,
0,0,0,0,0,1,
16
0,0,1,
0,
0,
0,0,0,0,1,
0,
0,
0,0,1,
0,
0,1,
0,
0,
0,
0,
1,
0,0,1,
0,0,0,1,
16
0,0,1,
0,
0,
0,1,
0,
0,0,0,0,1,
0,0,0,1,
0,0,1,
0,1,
0,
0,
1,
0,
0,
0,0,1,
0,
8
1,
0,1,
1,
0,0,0,1,
0,
0,0,1,
0,1,
0,0,0,0,1,
8,
0,
1,
0,1,
0,0,1,
0,0,0,1,
0,0,0,0,1,
0,0,0,1,
0,0,0,0,1,
16
0,0,0,0,0,1,
0,
0,
0,
1,
0,
0,
1,
0,
1,
0,1,
0,
0,0,0,1,
0,
0,1,
0,
8
0,
0,1,
0,1,
0,1,
0,0,1,
0,1,
1,
1,
8
0,
0,1,
0,
0,1,
0,
0,1,
0,0,1,
0,1,
16
0,0,0,0,1,
0,
0,0,0,1,
0,
0,0,1,
0,
0,1,
0,
3,
5,
5,
5,
3,
5,
5,
5,
16
0,0,1,
0,
0,
1,
0,1,
0,
1,
0,
0,1,
0,0,1,
0,1,
0,
0,0,0,0,1,
0,
0,0,1,
0,
8
0,
0,1,
0,1,
0,1,
0,0,0,0,1,
0,0,0,1,
0,0,1,
0,1,
8
0,
0,0,1,
0,0,1,
0,0,1,
0,0,1,
0,0,1,
0,0,0,1,
2,
8
0,
0,
0,
2,
0,
0,0,0,0,0,0,1,
0,0,0,0,0,0,1,
0,0,0,0,0,0,0,1,
16
0,0,0,0,0,0,0,0,1,
0,0,0,0,0,0,
0,0,0,0,0,0,1,
0,0,0,0,0,0,0,1,
0,0,0,0,0,0,1,
0,0,0,0,0,0,0,1,
0,0,0,0,0,0,1,
0,0,0,0,0,0,0,1,
0,0,0,0,0,0,0,0,1,
0,0,0,0,0,0,
0,0,0,0,0,0,1,
0,0,0,0,0,0,
0,0,0,0,0,0,1,
0,0,0,0,0,0,
0,0,0,0,0,0,0,1,
0,0,0,0,0,0,1,
8
0,0,0,0,0,0,0,0,0,1,
0,0,0,0,0,0,0,0,0,0,1,
0,0,0,0,0,0,0,0,1,
0,0,0,0,0,0,0,1,
0,0,0,0,0,0,
0,0,0,0,0,0,1,
0,0,0,0,0,0,0,1,
0,0,0,0,0,0,0,0,1,
16
0,0,0,0,0,0,0,0,1,
0,0,0,0,0,0,
0,0,0,0,0,0,0,1,
0,0,0,0,0,0,1,
0,0,0,0,0,0,0,1,
0,0,0,0,0,0,1,
0,0,0,0,0,0,0,1,
0,0,0,0,0,0,1,
0,0,0,0,0,0,0,1,
0,0,0,0,0,0,1,
0,0,0,0,0,0,0,1,
0,0,0,0,0,0,1,
0,0,0,0,0,0,0,1,
0,0,0,0,0,0,1,
0,0,0,0,0,0,0,1,
0,0,0,0,0,0,1,
8
0,0,0,0,0,0,0,0,0,1,
0,0,0,0,0,0,0,0,1,
0,0,0,0,0,0,0,1,
0,0,0,0,0,0,1,
0,0,0,0,0,0,
0,0,0,0,0,0,1,
0,0,0,0,0,0,0,1,
0,0,0,0,0,0,0,0,1,
16
0,0,0,0,0,0,0,0,1,
0,0,0,0,0,0,
0,0,0,0,0,0,1,
0,0,0,0,0,0,0,1,
0,0,0,0,0,0,1,
0,0,0,0,0,0,0,1,
0,0,0,0,0,0,1,
0,0,0,0,0,0,0,1,
0,0,0,0,0,0,0,0,0,1,
0,0,0,0,0,0,
0,0,0,0,0,0,0,1,
0,0,0,0,0,0,
0,0,0,0,0,0,0,0,1,
0,0,0,0,0,0,
0,0,0,0,0,0,0,1,
0,0,0,0,0,0,1,
8
0,0,0,0,0,0,0,0,1,
0,0,0,0,0,0,0,0,0,1,
0,0,0,0,0,0,0,0,1,
0,0,0,0,0,0,1,
0,0,0,0,0,0,
0,0,0,0,0,0,1,
0,0,0,0,0,0,0,1,
0,0,0,0,0,0,0,0,1,
16
0,0,0,0,0,0,0,0,0,0,1,
0,0,0,0,0,0,0,1,
0,0,0,0,0,0,0,0,1,
0,0,0,0,0,0,0,1,
0,0,0,0,0,0,0,0,1,
0,0,0,0,0,0,0,1,
0,0,0,0,0,0,0,0,1,
0,0,0,0,0,0,0,1,
0,0,0,0,0,0,0,0,0,0,1,
0,0,0,0,0,0,
0,0,0,0,0,0,0,0,1,
0,0,0,0,0,0,
0,0,0,0,0,0,0,1,
0,0,0,0,0,0,
0,0,0,0,0,0,0,0,0,1,
0,0,0,0,0,0,
8
0,0,0,0,0,0,
0,0,0,0,0,0,0,0,0,1,
0,0,0,0,0,0,0,0,1,
0,0,0,0,0,0,0,1,
0,0,0,0,0,0,1,
0,0,0,0,0,0,0,1,
0,0,0,0,0,0,1,
0,0,0,0,0,0,1,
8
0,0,0,0,0,0,1,
0,0,0,0,0,0,
0,0,0,0,0,0,
1,
0,1,
0,0,1,
0,0,0,1,
0,0,0,0,1,
8
0,0,0,0,0,1,
0,
0,0,0,1,
0,
0,1,
0,0,0,1,
0,0,1,
0,1,
8
1,
0,
0,
1,
0,1,
0,0,1,
0,0,0,1,
0,0,0,0,1,
8
0,0,1,
0,
0,1,
0,
0,1,
0,0,1,
0,1,
1,
8
1,
0,
0,
0,0,0,0,0,0,1,
0,0,0,0,0,0,0,1,
0,0,0,0,0,0,0,0,1,
0,0,0,0,0,0,0,0,0,1,
0,0,0,0,0,0,0,0,0,0,1,
8
0,0,0,0,0,0,1,
0,0,0,0,0,0,0,
0,0,0,0,0,0,0,0,1,
0,0,0,0,0,0,0,0,1,
0,0,0,0,0,0,0,1,
0,0,0,0,0,0,0,0,0,1,
0,0,0,0,0,0,0,0,1,
0,0,0,0,0,0,0,1,
8
0,0,0,0,0,0,0,1,
0,0,0,0,0,0,1,
0,0,0,0,0,0,0,1,
0,0,0,0,0,0,1,
0,0,0,0,0,0,0,1,
0,0,0,0,0,0,1,
0,0,0,0,0,0,0,1,
0,0,0,0,0,0,1,
8
0,0,0,0,0,0,0,1,
0,
0,
0,
0,0,0,1,
0,
0,0,0,0,1,
0,0,0,0,0,1,
8
0,0,0,1,
0,
0,0,0,1,
0,0,0,0,1,
0,0,1,
0,
0,0,1,
0,0,0,1,
8
0,0,0,0,0,1,
0,
0,0,0,0,1,
0,
0,0,0,1,
0,
0,0,1,
0,1,
16
0,0,0,0,1,0,
0,
0,0,0,1,
0,
0,0,0,0,1,
0,
0,0,0,1,
0,
0,0,0,0,1,
0,
0,0,0,0,0,1,
0,
0,
0,
0,0,0,0,3,
0,0,0,0,5,
16
0,0,0,0,5,
0,0,0,0,5,
0,0,0,0,0,1,
0,
0,0,0,0,1,
0,
0,0,0,0,0,1,
0,
0,0,0,1,
0,
0,
0,
0,1,
0,
1,
0,
8
0,1,
0,
0,1,
0,0,1,
0,1,
0,
0,1,
0,0,1,
8
0,0,0,0,0,1,
0,
0,0,0,0,1,
0,
0,0,0,1,
0,
0,0,1,
0,1,
16
0,1,
0,
1,
0,
0,1,
0,
1,
0,
0,1,
0,
0,0,0,0,0,1,
0,
0,
0,
0,0,0,0,3,
0,0,0,0,5,
16
0,0,0,0,5,
0,0,0,0,5,
0,0,0,1,
0,
0,0,0,1,
0,
0,0,1,
0,
0,1,
0,
0,0,1,
0,
0,0,0,0,0,0,0,1,
0,
0,0,0,0,0,0,0,0,0,1,
0,
8
0,0,0,0,0,0,1,
0,
0,0,0,0,0,0,1,
0,0,0,0,0,0,0,1,
0,0,0,0,0,0,1,
0,
0,0,0,0,0,0,0,1,
0,0,0,0,0,0,0,0,1,
8
0,0,0,0,0,0,0,0,0,0,1,
0,
0,0,0,0,0,0,0,0,0,1,
0,
0,0,0,0,0,0,0,0,1,
0,
0,0,0,0,0,0,0,1,
0,0,0,0,0,0,1,
16
0,0,0,0,0,0,0,0,1,
0,
0,0,0,0,0,0,1,
0,
0,0,0,0,0,0,0,0,1,
0,
0,0,0,0,0,0,1,
0,
0,0,0,0,0,0,0,1,
0,
0,0,0,0,0,0,0,0,0,1,
0,
0,
0,
0,0,0,0,0,0,0,3,
0,0,0,0,0,0,5,
16
0,0,0,0,0,0,0,5,
0,0,0,0,0,0,5,
0,0,0,0,0,0,0,0,0,1,
0,
0,0,0,0,0,0,0,0,1,
0,
0,0,0,0,0,0,0,0,0,1,
0,
0,0,0,0,0,0,0,0,1,
0,
0,
0,
0,0,0,0,0,0,0,1,
0,
0,0,0,0,0,0,1
0,
8
0,0,0,0,0,0,0,1
0,
0,0,0,0,0,0,0,1,
0,0,0,0,0,0,0,0,1,
0,0,0,0,0,0,1,
0,
0,0,0,0,0,0,1,
0,0,0,0,0,0,0,1,
8
0,0,0,0,0,0,0,0,0,0,0,1,
0,
0,0,0,0,0,0,0,0,0,0,1,
0,
0,0,0,0,0,0,0,0,0,1,
0,
0,0,0,0,0,0,0,1,
0,0,0,0,0,0,1,
8
0,0,0,0,0,0,0,0,1,
0,0,0,0,0,0,0,1,
0,0,0,0,0,0,0,0,1,
0,0,0,0,0,0,0,1,
0,0,0,0,0,0,0,0,1,
0,0,0,0,0,0,0,0,0,0,0,1,
0,
0,0,0,0,0,0,0,0,0,1,
8
0,0,0,0,0,0,0,0,0,0,1,
0,0,0,0,0,0,0,0,0,0,1,
0,0,0,0,0,0,0,0,0,1,
0,0,0,0,0,0,0,0,0,1,
0,0,0,0,0,0,0,0,1,
0,0,0,0,0,0,0,0,1,
0,0,0,0,0,0,0,1,
0,0,0,0,0,0,1,
8
0,0,0,0,0,0,2,
0,
0,
0,
0,
0,
0,
0,
4
2,
2,
2,
0,
4
3,
5,
3,
5,
4
3,
5,
0,
0,
4
2,
2,
2,
0,
4
0,
0,
0,
0,
8
0,0,0,0,0,0,0,0,2,
0,0,0,0,0,0,0,0,0,2,
0,0,0,0,0,0,0,2,2,2,2,
0,0,0,0,0,0,0,0,2,
0,0,0,0,0,0,0,0,0,2,
0,
0,0,0,0,0,0,0,1,0,0,1,0,
0,0,0,0,0,0,1,1,1,1,1,1,
8
0,0,0,0,0,0,0,1,0,0,1,0,
0,0,0,0,0,0,0,0,1,1,
0,0,0,0,0,0,0,1,0,1,0,1,
0,0,0,0,0,0,1,1,0,1,1,
0,0,0,0,0,0,0,1,0,1,1,1,
0,
0,
0,
8
0,
0,
0,
0,
0,
0,
0,
0,
8
0,
0,
0,
0,
0,
0,
0,
0,
16
3,
0,5,
0,0,5,
0,0,0,5,
0,0,0,0,5,
0,0,0,0,0,5,
0,0,0,0,5,
0,0,0,5,
0,0,5,
0,5,
5,
5,0,
5,0,0,
5,0,0,0,
5,0,0,0,0,
5,0,0,0,0,0,
16
3,
0,5,
0,0,5,
0,0,0,5,
0,0,0,0,5,
0,0,0,0,0,5,
0,0,0,0,5,
0,0,0,5,
0,0,5,
0,5,
5,
5,0,
5,0,0,
5,0,0,0,
5,0,0,0,0,
5,0,0,0,0,0,
16
3,
0,5,
0,0,5,
0,0,0,5,
0,0,0,0,5,
0,0,0,0,0,5,
0,0,0,0,5,
0,0,0,5,
0,0,5,
0,5,
5,
5,0,
5,0,0,
5,0,0,0,
5,0,0,0,0,
5,0,0,0,0,0,
16
3,
0,5,
0,0,5,
0,0,0,5,
0,0,0,0,5,
0,0,0,0,0,5,
0,0,0,0,5,
0,0,0,5,
0,0,5,
0,5,
5,
5,0,
5,0,0,
5,0,0,0,
5,0,0,0,0,
5,0,0,0,0,0,
16
3,
0,5,
0,0,5,
0,0,0,5,
0,0,0,0,5,
0,0,0,0,0,5,
0,0,0,0,5,
0,0,0,5,
0,0,5,
0,5,
5,
5,0,
5,0,0,
5,0,0,0,
5,0,0,0,0,
5,0,0,0,0,0,
16
3,
0,5,
0,0,5,
0,0,0,5,
0,0,0,0,5,
0,0,0,0,0,5,
0,0,0,0,5,
0,0,0,5,
0,0,5,
0,5,
5,
5,0,
5,0,0,
5,0,0,0,
5,0,0,0,0,
5,0,0,0,0,0,
16
3,
0,5,
0,0,5,
0,0,0,5,
0,0,0,0,5,
0,0,0,0,0,5,
0,0,0,0,5,
0,0,0,5,
0,0,5,
0,5,
5,
5,0,
5,0,0,
5,0,0,0,
5,0,0,0,0,
5,0,0,0,0,0,
16
3,
0,5,
0,0,5,
0,0,0,5,
0,0,0,0,5,
0,0,0,0,0,5,
0,0,0,0,5,
0,0,0,5,
2,0,0,
0,0,
0,
0,0,
2,0,0,
0,0,0,0,
0,0,0,0,0,
0,0,0,0,0,0,
16
0,0,0,0,0,0,3,
0,0,0,0,0,0,5,5,
0,0,0,0,0,0,5,0,5,
0,0,0,0,0,0,5,0,0,5,
0,0,0,0,0,0,5,0,0,0,5,
0,0,0,0,0,0,5,0,0,0,0,5,
0,0,0,0,0,0,5,0,0,0,0,5,
0,0,0,0,0,0,5,0,0,0,5,
0,0,0,0,0,0,5,0,0,5,
0,0,0,0,0,0,5,0,5,
0,0,0,0,0,0,5,5,
0,0,0,0,0,0,5,0,5,
0,0,0,0,0,0,5,0,0,5,
0,0,0,0,0,0,5,0,0,0,5,
0,0,0,0,0,0,5,0,0,0,0,5,
0,0,0,0,0,0,5,0,0,0,0,5,
16
0,0,0,0,0,0,3,
0,0,0,0,0,0,5,5,
0,0,0,0,0,0,5,0,5,
0,0,0,0,0,0,5,0,0,5,
0,0,0,0,0,0,5,0,0,0,5,
0,0,0,0,0,0,5,0,0,0,0,5,
0,0,0,0,0,0,5,0,0,0,0,5,
0,0,0,0,0,0,5,0,0,0,5,
0,0,0,0,0,0,5,0,0,5,
0,0,0,0,0,0,5,0,5,
0,0,0,0,0,0,5,5,
0,0,0,0,0,0,5,0,5,
0,0,0,0,0,0,5,0,0,5,
0,0,0,0,0,0,5,0,0,0,5,
0,0,0,0,0,0,5,0,0,0,0,5,
0,0,0,0,0,0,5,0,0,0,0,5,
16
0,0,0,0,0,0,3,
0,0,0,0,0,0,5,5,
0,0,0,0,0,0,5,0,5,
0,0,0,0,0,0,5,0,0,5,
0,0,0,0,0,0,5,0,0,0,5,
0,0,0,0,0,0,5,0,0,0,0,5,
0,0,0,0,0,0,5,0,0,0,0,5,
0,0,0,0,0,0,5,0,0,0,5,
0,0,0,0,0,0,5,0,0,5,
0,0,0,0,0,0,5,0,5,
0,0,0,0,0,0,5,5,
0,0,0,0,0,0,5,0,5,
0,0,0,0,0,0,5,0,0,5,
0,0,0,0,0,0,5,0,0,0,5,
0,0,0,0,0,0,5,0,0,0,0,5,
0,0,0,0,0,0,5,0,0,0,0,5,
16
0,0,0,0,0,0,3,
0,0,0,0,0,0,5,5,
0,0,0,0,0,0,5,0,5,
0,0,0,0,0,0,5,0,0,5,
0,0,0,0,0,0,5,0,0,0,5,
0,0,0,0,0,0,5,0,0,0,0,5,
0,0,0,0,0,0,5,0,0,0,0,5,
0,0,0,0,0,0,5,0,0,0,5,
0,0,0,0,0,0,5,0,0,5,
0,0,0,0,0,0,5,0,5,
0,0,0,0,0,0,5,5,
0,0,0,0,0,0,5,0,5,
0,0,0,0,0,0,5,0,0,5,
0,0,0,0,0,0,5,0,0,0,5,
0,0,0,0,0,0,5,0,0,0,0,5,
0,0,0,0,0,0,5,0,0,0,0,5,
16
0,0,0,0,0,0,3,
0,0,0,0,0,0,5,5,
0,0,0,0,0,0,5,0,5,
0,0,0,0,0,0,5,0,0,5,
0,0,0,0,0,0,5,0,0,0,5,
0,0,0,0,0,0,5,0,0,0,0,5,
0,0,0,0,0,0,5,0,0,0,0,5,
0,0,0,0,0,0,5,0,0,0,5,
0,0,0,0,0,0,5,0,0,5,
0,0,0,0,0,0,5,0,5,
0,0,0,0,0,0,5,5,
0,0,0,0,0,0,5,0,5,
0,0,0,0,0,0,5,0,0,5,
0,0,0,0,0,0,5,0,0,0,5,
0,0,0,0,0,0,5,0,0,0,0,5,
0,0,0,0,0,0,5,0,0,0,0,5,
24
0,0,0,0,0,0,1,
0,
0,0,0,0,0,0,1,
0,
0,0,0,0,0,0,1,
0,
0,0,0,0,0,0,1,
0,
0,
0,
0,0,0,0,0,0,1,
0,
0,0,0,0,0,0,0,0,1,
0,
0,0,0,0,0,0,0,1,
0,
0,0,0,0,0,0,1,
0,
0,0,0,0,0,0,1,
0,
0,
0,
0,
0,
16
3,
5,
5,
5,
5,
5,
5,
5,
5,
5,
5,
5,
5,
5,
5,
5,
1
0,
8
1,
0,
0,1,
0,0,1,
0,1,
0,
0,1,
0,0,1,
8
0,0,0,0,1,
0,
0,0,0,1,
0,
0,0,1,
0,
0,1,
1,
16
0,0,1,
0,
0,1,
0,
0,0,1,
0,
0,1,
0,
0,0,1,
0,
0,0,0,0,1,
0,
0,
0,
0,0,0,0,3,
0,0,0,0,5,
16
0,0,0,0,5,
0,0,0,0,5,
0,0,0,0,0,5,
0,0,0,0,0,5,
0,0,0,0,5,
0,0,0,0,5,
0,0,0,0,0,5,
0,0,0,0,0,5,
0,0,0,0,5,
0,0,0,0,5,
0,0,0,0,5,
0,0,0,0,5,
0,0,0,1,
0,
0,0,1,
0,
8
1,
0,
1,
0,1,
1,
0,
1,
0,1,
8
0,0,0,0,0,1,
0,
0,0,0,0,1,
0,
0,0,0,1,
0,
0,1,
1,
8
0,1,
1,
0,1,
1,
0,1,
0,0,0,0,0,1,
0,
0,0,0,1,
8
0,0,0,0,0,1,
0,0,0,0,0,1,
0,0,0,0,1,
0,0,0,1,
0,0,1,
0,0,0,1,
0,0,1,
0,0,0,1,
8
0,0,0,0,0,0,1,
0,
0,0,0,0,0,0,1,
0,0,0,0,0,0,0,1,
0,0,0,0,0,0,1,
0,
0,0,0,0,0,0,1,
0,0,0,0,0,0,0,1,
8
0,0,0,0,0,0,0,0,0,0,1,
0,
0,0,0,0,0,0,0,0,0,1,
0,
0,0,0,0,0,0,0,0,1,
0,
0,0,0,0,0,0,0,1,
0,0,0,0,0,0,1,
16
0,0,0,0,0,0,0,0,1,
0,
0,0,0,0,0,0,0,1,
0,
0,0,0,0,0,0,0,0,1,
0,
0,0,0,0,0,0,0,1.
0,
0,0,0,0,0,0,0,0,1,
0,
0,0,0,0,0,0,0,0,0,1,
0,
0,
0,
0,0,0,0,0,0,0,0,0,3
0,0,0,0,0,0,0,0,0,5,
16
0,0,0,0,0,0,0,0,0,5,
0,0,0,0,0,0,0,0,0,5,
0,0,0,0,0,0,0,0,0,0,5,
0,0,0,0,0,0,0,0,0,0,5,
0,0,0,0,0,0,0,0,0,5,
0,0,0,0,0,0,0,0,0,5,
0,0,0,0,0,0,0,0,0,0,5,
0,0,0,0,0,0,0,0,0,0,5,
0,0,0,0,0,0,0,0,0,5,
0,0,0,0,0,0,0,0,0,5,
0,0,0,0,0,0,0,0,0,5,
0,0,0,0,0,0,0,0,0,5,
0,0,0,0,0,0,0,0,1,
0,
0,0,0,0,0,0,0,1,
0,
8
0,0,0,0,0,0,0,1,
0,
0,0,0,0,0,0,0,1,
0,0,0,0,0,0,0,0,1,
0,0,0,0,0,0,0,1,
0,
0,0,0,0,0,0,0,0,1,
0,0,0,0,0,0,0,0,0,1,
8
0,0,0,0,0,0,0,0,0,0,1,
0,
0,0,0,0,0,0,0,0,0,1,
0,
0,0,0,0,0,0,0,0,1,
0,
0,0,0,0,0,0,0,1,
0,0,0,0,0,0,1,
16
0,0,0,0,0,0,0,0,1,
0,
0,0,0,0,0,0,0,1,
0,
0,0,0,0,0,0,0,0,1,
0,
0,0,0,0,0,0,0,1,
0,
0,0,0,0,0,0,0,0,1,
0,
0,0,0,0,0,0,0,0,0,0,0,1,
0,
0,
0,
0,0,0,0,0,0,0,0,0,0,3,0,
0,0,0,0,0,0,0,0,0,0,5,0,
16
0,0,0,0,0,0,0,0,0,0,5,0,
0,0,0,0,0,0,0,0,0,0,5,0,
0,0,0,0,0,0,0,0,0,1,
0,
0,0,0,0,0,0,0,0,1,
0,
0,0,0,0,0,0,0,0,1,
0,
0,0,0,0,0,0,0,0,1,
0,
0,0,0,0,0,0,0,0,1,
0,
0,0,0,0,0,0,1,
0,
0,0,0,0,0,0,1,
0,
8
1,
0,
0,1,
0,0,1,
0,1,
0,
0,1,
0,0,0,1,
8
0,0,0,0,0,1,
0,
0,0,0,0,1,
0,
0,0,0,1,
0,
0,0,1,
0,1,
16
0,0,1,
0,
0,1,
0,
0,0,1,
0,
0,1,
0,
0,0,1,
0,
0,0,0,1,
0,
0,
0,
0,0,0,3,
0,0,0,5,
16
0,0,0,5,
0,0,0,5,
0,0,0,0,5,
0,0,0,0,5,
0,0,0,5,
0,0,0,5,
0,0,0,0,5,
0,0,0,0,5,
0,0,0,5,
0,0,0,5,
0,0,0,5,
0,0,0,5,
0,0,1,
0,
0,0,1,
0,
8
1,
0,
1,
0,1,
1,
0,
1,
0,1,
8
0,0,0,0,0,1,
0,
0,0,0,0,1,
0,
0,0,0,1,
0,
0,0,1,
0,1,
16
0,0,1,
0,
0,1,
0,
0,0,1,
0,
0,1,
0,
0,0,1,
0,
0,0,0,0,0,1,
0,
0,
0,
0,0,3,
0,0,5,
16
0,0,5,
0,0,5,
0,0,1,
0,
0,0,1,
0,
0,1,
0,
0,1,
0,
0,0,1,
0,
0,0,0,1,
0,
0,0,1,
0,
8
0,0,0,0,0,0,1,
0,
0,0,0,0,0,0,1,
0,0,0,0,0,0,0,1,
0,0,0,0,0,0,1,
0,
0,0,0,0,0,0,1,
0,0,0,0,0,0,0,1,
8
0,0,0,0,0,0,0,0,0,0,0,1,
0,
0,0,0,0,0,0,0,0,0,0,1,
0,
0,0,0,0,0,0,0,0,0,1,
0,
0,0,0,0,0,0,0,0,1,
0,0,0,0,0,0,0,1,
16
0,0,0,0,0,0,0,0,0,1,
0,
0,0,0,0,0,0,0,0,1,
0,
0,0,0,0,0,0,0,0,0,1,
0,
0,0,0,0,0,0,0,0,1,
0,
0,0,0,0,0,0,0,0,0,1,
0,
0,0,0,0,0,0,0,0,0,0,1,
0,
0,
0,
0,0,0,0,0,0,0,0,0,0,3,
0,0,0,0,0,0,0,0,0,0,5,
16
0,0,0,0,0,0,0,0,0,0,5,
0,0,0,0,0,0,0,0,0,0,5,
0,0,0,0,0,0,0,0,0,0,0,5,
0,0,0,0,0,0,0,0,0,0,0,5,
0,0,0,0,0,0,0,0,0,0,5,
0,0,0,0,0,0,0,0,0,0,5,
0,0,0,0,0,0,0,0,0,0,0,5,
0,0,0,0,0,0,0,0,0,0,0,5,
0,0,0,0,0,0,0,0,0,0,5,
0,0,0,0,0,0,0,0,0,0,5,
0,0,0,0,0,0,0,0,0,0,5,
0,0,0,0,0,0,0,0,0,0,5,
0,0,0,0,0,0,0,0,1,
0,
0,0,0,0,0,0,0,1,
0,
16
0,0,0,0,0,0,0,0,1,
0,
0,
0,0,0,0,0,0,0,0,1,
0,
0,
0,0,0,0,0,0,0,0,0,1,
0,
0,0,0,0,0,0,0,0,1,
0,
0,
0,
0,0,0,0,0,0,0,0,1,
0,
0,0,0,0,0,0,0,0,0,1,
0,
8
0,0,0,0,0,0,0,0,0,0,1,
0,
0,0,0,0,0,0,0,0,0,1,
0,
0,0,0,0,0,0,0,0,1,
0,
0,0,0,0,0,0,0,1,
0,0,0,0,0,0,1,
16
0,0,0,0,0,0,0,0,1,
0,
0,0,0,0,0,0,0,1,
0,
0,0,0,0,0,0,0,0,1,
0,
0,0,0,0,0,0,0,1,
0,
0,0,0,0,0,0,0,0,1,
0,
0,0,0,0,0,0,0,0,0,0,0,1,
0,
0,
0,
0,0,0,0,0,0,0,0,0,0,3,
0,0,0,0,0,0,0,0,0,0,5,
16
0,0,0,0,0,0,0,0,0,0,5,
0,0,0,0,0,0,0,0,0,0,5,
0,0,0,0,0,0,0,0,0,1,
0,
0,0,0,0,0,0,0,0,1,
0,
0,0,0,0,0,0,0,0,1,
0,
0,0,0,0,0,0,0,0,1,
0,
0,0,0,0,0,0,0,0,1,
0,
0,0,0,0,0,0,0,1,
0,
0,0,0,0,0,0,1,
0,
4
0,0,0,0,0,0,2,
0,
0,
0,
1
0,
4
2,
0,2,
0,0,2,
0,0,0,2,
4
2,
0,2,
0,0,2,
0,0,0,2,
4
2,
0,2,
0,0,2,
0,0,0,2,
4
2,
0,2,
0,0,2,
0,0,0,2,
4
2,
0,2,
0,0,2,
0,0,0,2,
4
2,
0,2,
0,0,2,
0,0,0,2,
4
2,
0,2,
0,0,2,
0,0,0,2,
4
2,
0,2,
0,0,2,
0,0,0,2,
1
2,
#END