TITLE:シャイニングスター(short.ver)
CREDIT:魔王魂
WAVE:shining_star.wav
BPM:158
LEVEL:2.0
OFFSET:1
#START
1
0,
8
1,
0,
0,
0,
0,0,0,0,1,
0,
0,
1,
4
0,
0,0,0,1,
0,1,
0,
8
0,0,0,0,0,0,0,0,0,1,0,0
0,0,0,0,0,0,0,0,0,5,0,0
0,0,0,0,0,0,0,0,0,5,0,0
0,0,0,0,0,0,0,0,0,5,0,0
0,0,0,0,0,0,0,0,1,5,0,0
0,0,0,0,0,0,0,0,5,5,0,0
0,0,0,0,0,0,0,0,5,5,0,0
0,0,0,0,0,0,0,0,5,5,0,0
8
0,0,0,0,0,0,0,1,0,0,0,0
0,0,0,0,0,0,0,5,0,0,0,0
0,0,0,0,0,0,0,5,0,0,0,0
0,0,0,0,0,0,0,0,0,0,1,0
0,0,0,0,0,0,0,0,0,0,5,0
0,0,0,0,0,0,0,0,0,0,5,0
0,0,0,0,0,0,0,0,0,0,5,0
0,0,0,0,0,0,0,0,0,0,5,0
#END