TITLE:シャイニングスター(short.ver)
CREDIT:魔王魂
BPM:158
LEVEL:7.5
#START
1
0,
8
0,0,3,
0,0,5,
0,0,5,1,
0,
0,0,0,0,0,0,0,0,0,0,3,
0,0,0,0,0,0,0,0,0,0,5,
1,0,0,0,0,0,0,0,0,0,5,
0,0,0,0,0,0,0,0,0,0,0,3
24
0,0,0,0,0,0,0,0,0,0,0,5
0,
0,
0,0,0,0,0,0,0,0,3,0,0,5
0,
0,
0,0,0,0,0,0,0,0,5,0,3,
0,
0,
0,0,0,0,0,0,0,0,0,0,5,0
0,
0,
0,0,2,2,0,0,0,0,0,0,5,0
0,
0,
0,
0,
0,
5,0,0,0,0,0,0,0,0,0,0,5
0,5,0,0,0,0,0,0,0,0,5,
0,0,5,0,0,0,0,0,0,5,
0,0,0,5,0,0,0,0,5,
0,0,0,0,5,0,0,5,
0,0,0,0,0,5,5,
8
0,0,0,0,0,5,5,
0,0,0,0,0,5,5,
0,0,0,0,1,5,5,1,
0,0,0,1,0,5,5,
0,0,0,0,1,5,5,1,
0,0,0,0,0,5,5,0,1,
0,0,0,0,2,5,5,2,
0,0,0,0,0,5,5,
8
0,0,0,1,0,0,5,
0,0,0,0,1,0,0,1,
0,0,0,0,0,1,0,0,1,
0,0,0,0,0,0,0,0,0,3,3,
0,0,0,0,0,0,0,0,0,5,5,
2,0,2,0,0,0,2,0,2,5,5,
2,0,2,0,0,0,2,0,2,5,5,
0,0,0,0,0,0,0,0,0,5,5,
8
0,0,0,0,0,0,0,0,0,5,5,
0,0,0,0,0,0,0,0,0,0,5,1
0,0,0,0,0,0,0,0,0,3,5,
0,0,0,0,0,0,0,0,3,5,
0,0,0,0,0,0,0,3,5,
0,0,0,0,0,0,3,5,
5,3,
0,5,3,
8
0,0,5,
0,0,0,1,1,
0,
0,0,0,0,2,2,
0,0,0,0,0,0,0,0,0,0,2,2
0,0,0,0,0,0,0,0,0,0,5,5
0,0,0,0,0,0,0,0,0,0,5,5
0,0,0,0,0,0,0,0,0,1,
8
0,0,0,0,0,0,0,0,0,3,
0,0,0,0,0,0,0,0,0,5,
0,0,0,0,0,0,0,0,0,5,
0,0,0,0,0,0,0,0,0,5,0,1
0,0,0,0,0,0,0,0,0,5,0,3
0,0,0,0,0,0,0,0,0,5,0,5
0,0,0,0,0,0,0,0,0,5,0,5
0,0,0,0,0,0,0,0,0,5,1,5
8
0,0,0,0,0,0,0,0,0,5,3,5
0,0,0,0,0,0,0,0,3,5,5,
0,0,0,0,0,0,0,3,5,5,
0,0,0,0,0,0,3,5,5,
0,0,0,0,0,0,5,5,5,
0,0,0,0,0,0,5,5,5,
0,0,0,0,0,0,5,5,
0,0,0,1,
8
0,0,0,0,1,
0,0,0,0,0,1,
0,0,0,0,1,
0,0,2,1,
0,0,5,
0,0,5,3,
0,0,0,5,
1,0,0,5,
8
5,
5,0,0,0,1,
0,0,0,3,
0,0,0,5,
0,0,0,5,
0,0,0,5,0,0,0,2,2,
0,0,0,5,0,0,0,2,2,
0,0,0,0,0,1,
8
0,0,0,0,0,0,0,0,0,0,0,3
0,0,0,0,0,0,0,0,0,0,0,5
0,0,0,0,0,0,0,0,0,0,0,5
0,0,0,0,0,0,0,1,0,0,0,5
0,3,
0,5,
0,5,
0,5,0,1,
8
0,0,0,0,0,0,0,0,0,3,
0,0,0,0,0,0,0,0,3,5,
0,0,0,0,0,0,0,3,5,5,
0,0,0,0,0,0,3,5,5,5,
0,0,0,0,0,0,5,5,5,
0,0,0,0,2,2,5,5,
0,0,0,0,2,2,5,
0,0,0,1,
8
0,0,0,3,
0,0,0,5,
1,0,0,5,
0,3,
0,5,
0,5,1,
0,0,0,0,1,
0,0,0,0,0,0,0,0,0,1,
8
0,
0,0,0,0,0,0,0,0,0,3,
0,0,0,0,0,0,0,0,0,5,
0,0,1,0,0,0,0,0,0,5,
0,1,0,0,0,0,0,0,0,5,
SPEEDCHANGE:0.5
0,
0,
0,
8
3,
5,3,
5,5,3,
5,5,5,3,
0,5,5,5,3,
0,0,5,5,5,3,
0,0,0,5,5,5,3,
0,0,0,0,5,5,5,3,
8
0,0,0,0,0,5,5,5,3,
0,0,0,0,0,0,5,5,5,3,
0,0,0,0,0,0,0,5,5,5,3,
0,0,0,0,0,0,0,0,5,5,5,3
3,0,0,0,0,0,0,0,0,5,5,5
5,3,0,0,0,0,0,0,0,0,5,5
5,5,3,0,0,0,0,0,0,0,0,5
5,5,5,3,
8
0,5,5,5,3,
0,0,5,5,5,3,
0,0,0,5,5,5,3,
0,0,0,0,5,5,5,3,
0,0,0,0,0,5,5,5,3,
0,0,0,0,0,0,5,5,5,3,
0,0,0,0,0,0,0,5,5,5,3,
0,0,0,0,0,0,0,0,5,5,5,3
8
3,0,0,0,0,0,0,0,0,5,5,5
5,3,0,0,0,0,0,0,0,0,5,5
5,5,3,0,0,0,0,0,0,0,0,5
5,5,5,3,
0,5,5,5,1,
SPEEDCHANGE:1.0
0,
0,
0,
8
2,0,2,0,0,0,0,0,0,0,1,
0,0,0,0,0,0,0,0,0,0,1,
2,0,2,0,0,0,0,0,0,0,1,
0,0,0,0,0,0,0,0,0,0,1,
2,0,2,0,0,0,0,0,0,0,1,
0,0,0,0,0,0,0,0,0,0,1,
2,0,2,0,0,0,0,0,0,0,1,
0,0,0,0,0,0,0,0,0,0,1,
8
0,1,0,0,0,0,0,0,0,2,0,2
0,1,
0,1,0,0,0,0,0,0,0,2,0,2
0,1,
0,1,0,0,0,0,0,0,0,2,0,2
0,1,
0,1,0,0,0,0,0,0,0,2,0,2
0,1,
6
0,0,0,0,0,0,0,0,3,
0,0,0,0,0,0,0,0,5,3,
0,0,0,0,0,0,0,3,0,5,
0,0,0,0,0,0,0,5,0,0,3,
0,0,0,0,0,0,3,0,0,0,5,
0,0,0,0,0,0,5,0,0,0,0,1
8
0,0,2,2,
0,0,5,5,
0,0,5,5,
0,0,5,5,
0,0,5,5,
0,0,5,5,
0,0,5,5,
0,0,5,5,
8
0,1,0,0,1,
0,
0,1,0,0,1,
2,2,2,2,2,2,2,2,2,2,2,2
0,
0,
0,
0,
8
1,0,1,
5,
5,0,1,
0,0,0,0,0,0,0,0,0,0,3,
0,0,0,0,0,0,0,0,0,0,5,
0,1,0,0,0,0,0,0,0,0,5,
0,0,0,0,0,0,0,0,0,0,5,
0,3,0,0,0,0,0,0,0,0,5,
8
0,5,
0,5,0,0,0,0,0,0,0,1,1,
0,0,0,0,0,0,0,0,0,3,3,
0,0,0,0,0,0,0,0,0,5,5,
0,0,0,0,0,0,0,0,0,5,5,
1,
0,0,1,
0,1,
8
0,0,0,2,2,2,0,0,0,2,2,2
0,0,0,5,5,5,0,0,0,5,5,5
0,0,0,5,5,5,0,0,0,5,5,5
2,2,2,0,0,0,2,2,2,
5,5,5,0,0,0,5,5,5,
5,5,5,2,0,2,5,5,5,
5,5,5,5,0,5,5,5,5,
5,5,5,5,0,5,5,5,5,0
8
0,0,0,5,0,5,
0,0,0,0,3,0,
0,0,0,3,5,0,
0,3,3,5,
0,5,5,
0,5,5,
0,0,0,0,0,0,0,0,1,
0,0,0,0,0,0,0,1,
8
0,0,0,0,0,0,3,0,0,3,
0,0,0,0,0,0,5,0,0,5,
0,0,0,0,0,0,5,1,0,5,1,
0,0,0,0,0,0,0,0,3,0,0,3
0,0,0,0,0,0,0,0,5,0,0,5
0,0,0,0,0,0,0,0,5,0,0,5
0,0,0,0,0,0,0,0,5,0,0,5
0,
8
5,0,0,0,0,0,0,0,0,5,
0,1,0,0,0,0,0,0,0,0,1,
0,0,3,0,0,0,0,0,0,0,0,3
0,0,5,0,0,0,0,0,0,0,0,5
0,3,5,0,0,0,0,0,0,0,3,5
0,5,5,0,0,0,0,0,0,0,5,5
0,5,0,0,0,0,0,0,0,0,5,
0,0,0,0,0,1,0,0,1,
8
0,0,0,0,2,0,0,2,
0,0,0,0,2,0,0,2,
0,
0,0,0,2,0,0,2,
0,
0,0,0,2,0,0,2,
0,
0,0,0,0,0,3,0,3,
8
0,0,0,0,0,5,0,5,
0,0,0,0,5,5,5,5,
0,0,0,0,5,5,5,5,
0,0,0,0,0,5,0,5,
0,0,0,0,0,5,0,5,
0,
1,0,0,0,0,0,0,0,0,1,
0,1,0,0,0,0,0,0,0,0,1,
8
0,0,3,0,0,0,0,0,0,0,0,3
0,0,5,0,0,0,0,0,0,0,0,5
0,3,5,0,0,0,0,0,0,0,3,5
0,5,0,0,0,0,0,0,0,0,5,
0,5,0,0,0,0,0,0,0,0,5,
3,5,0,0,0,0,0,0,0,0,5,3
5,0,0,0,0,0,0,0,0,0,0,5
5,3,0,0,0,0,0,0,0,0,3,5
8
0,5,0,0,0,0,0,0,0,0,5,
0,5,3,0,0,0,0,0,0,3,5,
0,0,5,0,0,0,0,0,0,5,
0,0,5,0,0,0,0,0,0,5,
0,0,5,0,0,0,0,0,0,5,
0,0,0,0,0,0,0,0,0,0,0,1
0,0,0,0,0,0,0,0,0,1,
0,0,0,0,0,0,0,0,0,0,1,
8
2,2,2,0,0,0,0,0,0,0,0,3
5,5,0,0,0,0,0,0,0,0,0,5
0,0,0,0,0,0,0,0,3,0,0,5
0,0,0,2,2,2,0,0,5,
0,0,0,5,5,5,0,0,5,
0,0,0,5,5,5,3,0,5,
0,0,0,0,0,0,5,
0,0,0,0,0,0,0,3,
8
0,0,0,0,0,0,0,5,3,
0,0,0,0,0,0,0,0,5,3,
0,0,0,0,0,0,0,0,0,5,3,
0,0,0,0,0,0,0,0,0,0,5,3
0,0,0,0,0,0,0,0,0,0,0,5
0,0,0,0,0,0,0,0,0,0,0,5
1,
0,1,
8
2,0,2,
5,0,5,
5,0,5,0,0,3,
0,0,0,2,2,5,
0,0,0,5,5,
0,1,1,
0,
0,1,1,
8
0,
0,0,1,0,0,0,0,0,0,1,
0,0,3,0,0,0,0,0,0,3,
0,0,5,0,0,0,0,0,0,5,
3,3,0,0,0,0,0,0,0,1,1,
5,5,
5,5,
0,0,0,0,0,0,1,
8
0,0,0,0,0,0,0,1,1,
0,0,0,0,0,0,0,1,1,
0,0,0,0,0,0,0,0,0,
0,0,0,0,0,0,0,0,0,1,1,
0,
0,0,0,0,0,0,0,0,0,0,1,1
0,
0,0,0,0,0,0,0,0,0,0,3,3
8
0,0,0,0,0,0,0,0,0,0,5,5
3,3,0,0,0,0,0,0,0,0,5,5
5,5,
5,5,0,0,0,0,0,0,0,3,3,
0,0,0,0,0,0,0,0,0,5,5,
0,3,3,0,0,0,0,0,0,5,5,
0,5,5,
0,5,5,
8
0,0,3,0,0,0,0,0,3,
0,0,5,0,0,0,0,0,5,
0,0,5,3,0,0,0,0,5,3,
0,0,5,5,0,0,0,0,5,5,
0,3,5,5,0,0,0,3,5,5,
0,5,5,5,0,0,0,5,5,5,
0,5,5,5,3,0,0,5,5,5,3,
0,5,5,5,5,0,0,5,5,5,5,
8
3,5,5,5,5,3,3,5,5,5,5,3
5,5,5,5,5,5,5,5,5,5,5,5
5,5,5,5,5,5,5,5,5,5,5,5
5,5,5,5,5,5,5,5,5,5,5,5
5,5,5,5,5,5,5,5,5,5,5,5
5,5,5,5,5,5,5,5,5,5,5,5
5,5,5,5,5,5,5,5,5,5,5,5
5,5,5,5,5,5,5,5,5,5,5,5
8
5,5,5,5,5,5,5,5,5,5,5,5
5,5,5,5,5,5,5,5,5,5,5,5
5,5,5,5,5,5,5,5,5,5,5,5
5,5,5,5,5,5,5,5,5,5,5,5
5,5,5,5,5,5,5,5,5,5,5,5
5,5,5,5,5,5,5,5,5,5,5,5
5,5,5,5,5,5,5,5,5,5,5,5
5,5,5,5,5,5,5,5,5,5,5,5
8
5,5,5,5,5,5,5,5,5,5,5,5
5,5,5,5,5,5,5,5,5,5,5,5
5,5,5,5,5,5,5,5,5,5,5,5
5,5,5,5,5,5,5,5,5,5,5,5
5,5,5,5,5,5,5,5,5,5,5,5
5,5,5,5,5,5,5,5,5,5,5,5
5,5,5,5,5,5,5,5,5,5,5,5
5,5,5,5,5,5,5,5,5,5,5,5
#END