TITLE:フォニイ
CREDIT:ツミキ
BPM:170
LEVEL:7.5
#START
1
0,
32
0,
0,
0,
0,
0,
0,
0,
0,
0,
0,
0,
0,
0,
0,
0,
0,
0,0,0,5
0,0,0,5
0,0,0,5
0,0,0,5
0,0,0,5
0,0,0,5
0,0,0,5
0,0,0,5
0,0,3,
0,0,5,
0,0,5,
0,0,5,
0,0,5,
0,0,5,
0,0,5,
0,0,5,
8
0,0,5,1
0,
0,0,1
0,1,0,0,1,
1,0,0,1,
0,
1,0,0,1
0,1,0,0,1,
8
0,0,1,0,0,1,
0,
0,0,0,3,3,
0,0,0,5,5,
3,3,0,5,5,
5,5,
5,5,0,0,3,3,
0,0,0,0,5,5,
8
0,1,1,0,5,5,
0,
0,0,0,0,0,0,3,
0,0,0,0,0,0,5,
0,0,0,0,0,0,5,1,
0,0,0,0,0,0,0,0,1,
0,0,0,0,0,0,0,0,0,1
0,0,0,0,0,0,0,0,0,0,1
8
0,0,0,0,0,0,0,0,0,0,0,1
0,0,0,0,0,0,0,0,0,0,0,5
0,0,0,0,0,0,0,0,0,0,0,5
1,0,0,1,
0,1,0,0,1,
0,0,1,0,0,1
0,1,0,0,1,0,
1,0,0,0,0,1,
8
0,3,0,0,3
0,5,0,0,5
1,0,0,1,0
0,1,0,0,1,
0,0,3,0,0,3
0,0,5,0,0,5
0,0,5,0,0,5,0,0,0,1,
0,0,0,0,0,0,0,0,0,0,1,
8
0,0,0,0,0,0,0,0,0,0,0,1
0,0,0,0,0,0,0,0,0,0,0,5
0,0,0,0,0,0,0,3,3,
0,0,0,0,0,0,0,5,5,
0,0,0,0,0,0,0,0,0,0,3,3
0,0,0,0,0,0,0,0,0,0,5,5
0,0,0,0,0,0,3,3,0,0,0,0
0,0,0,0,0,0,5,5,0,0,0,0
8
0,0,0,0,0,0,0,0,0,2,2,0
0,0,0,0,0,0,0,0,0,0,0,0
0,0,0,3,0,0,0,0,0,0,0,0
0,0,3,5,0,0,0,0,0,0,0,0
0,0,5,5,3,0,0,0,0,0,0,0
0,3,5,5,5,0,0,0,0,0,0,0
1,5,5,5,5,1,0,0,0,0,0,0
0,
16
0,0,2,0,2,2,
0,0,5,0,5,5,
0,0,5,0,5,5,
0,
0,0,0,0,0,0,2,2,0,2,
0,0,0,0,0,0,5,5,0,5,
0,0,0,0,0,0,5,5,0,5,
0,
2,0,2,0,2,
5,0,5,0,5,
5,0,5,0,5,
0,
0,0,0,0,0,0,0,2,0,2,0,2
0,0,0,0,0,0,0,5,0,5,0,5
0,0,0,0,0,0,0,5,0,5,0,5
0,
16
0,0,2,2,2,
0,0,5,5,5,
0,0,5,5,5,
0,
0,0,0,0,0,0,2,2,0,0,0,2
0,0,0,0,0,0,5,5,0,0,0,5
0,0,0,0,0,0,5,5,0,0,0,5
0,
2,0,2,2,0,
5,0,5,5,0,
5,0,5,5,0,
0,
0,0,0,0,0,0,0,2,0,0,2,2
0,0,0,0,0,0,0,5,0,0,5,5
0,0,0,0,0,0,0,5,0,0,5,5
0,
16
0,2,2,
0,5,5,
0,5,5,0,0,0,0,0,0,2,2,
0,0,0,0,0,0,0,0,0,5,5,
2,2,0,0,0,0,0,0,0,5,5,
5,5,
5,5,0,0,0,0,0,0,0,0,2,2
0,0,0,0,0,0,0,0,0,0,5,5
0,0,0,0,0,0,0,0,1,
0,0,0,0,0,0,0,0,0,1,
0,0,0,0,0,0,0,1,
0,0,0,0,0,0,0,0,0,0,1
0,0,0,0,0,0,0,0,1
0,0,0,0,0,0,0,0,0,1,
0,0,0,0,0,0,0,1,
0,0,0,0,0,0,0,0,0,0,1,
8
0,0,0,3,
0,0,0,5,
0,0,3,5,
0,0,5,
0,0,5,3
0,0,0,5
0,0,3,5,
0,0,5,0,
8
0,0,5,1,
0,
0,0,0,0,0,0,0,3,
0,0,0,0,0,0,3,5,
0,0,0,0,0,0,5,5,0,3,
0,0,0,0,0,0,0,0,0,5,1,
0,0,0,0,0,0,0,0,0,5,0,1,
0,0,0,0,0,0,0,0,0,0,1,
8
0,0,0,0,0,0,0,0,0,1,
0,
0,0,0,0,0,2,
0,0,0,0,1,
0,0,0,2,
0,0,1,
0,2,
1,
8
0,2,
0,
0,0,2,
0,0,5,
0,0,5,1,
0,
0,0,0,1,
0,0,0,0,1,
16
0,0,0,0,0,1,
0,
0,0,0,0,0,1,
0,0,0,0,1,
8
0,0,0,1,
0,0,1,
0,0,1,
0,0,5,
0,0,5,
0,0,0,0,0,0,0,0,0,1,
8
0,0,0,0,0,0,0,0,0,0,1,
0,
0,0,0,0,0,0,0,0,0,0,1,
0,0,0,0,0,0,0,0,0,0,1,
0,0,0,0,0,0,0,0,0,0,1,
0,
0,0,0,0,0,0,0,0,0,0,1,
0,0,0,0,0,0,0,0,0,0,1,
8
0,0,0,0,0,0,0,0,0,0,1,
0,
0,0,0,0,0,0,0,0,0,0,3,
0,0,0,0,0,0,0,0,0,0,5,
0,0,3,0,0,0,0,0,0,0,5
0,0,5,
0,0,5,0,0,0,0,0,0,3,
0,0,0,0,0,0,0,0,0,5,
8
0,0,1,0,0,0,0,0,0,5,
0,
0,3,
0,5,
1,5,
1,
0,0,0,0,0,0,0,1,
0,
8
0,0,0,0,0,0,0,0,1
0,
0,
0,0,0,1,
0,0,0,0,1,
0,0,0,0,0,1
0,0,0,0,1
0,0,0,1
8
0,0,0,0,0,0,2,2,
0,
0,0,1,
0,0,0,1,0,0,0,2,2
0,0,0,0,1,0,0,2,2
0,
0,0,0,0,0,1,
0,0,0,0,1,0,0,2,2
8
0,0,0,1,
0,
0,0,0,0,1,
0,0,0,0,5,
0,0,0,1,5,
0,0,0,5,
0,0,1,5,
0,0,5,
8
0,2,5,
0,
3,
5,3,
5,5,3,
0,0,5,3,
0,0,5,5,3,
0,0,0,0,5,
8
0,0,0,0,5,2,
0,
0,
0,0,0,0,0,0,0,0,0,0,0,1
0,0,0,0,0,0,0,0,0,0,1,
0,0,0,0,0,0,0,0,0,1,
0,0,0,0,0,0,0,0,1,
0,0,0,0,0,0,0,1,
8
0,0,0,2,2,0,1,
0,0,0,5,5,0,0,1,
0,0,0,5,5,2,0,0,1,
0,0,0,0,5,5,0,1,
0,0,0,2,5,5,1,
0,0,0,5,5,0,0,1,
0,0,0,5,5,2,0,0,1,
0,0,0,0,5,5,0,0,1,
8
0,0,0,2,5,0,0,0,5
0,0,0,5,5,0,0,1,5
0,0,0,5,5,2,1,
0,0,0,0,5,5,5,
0,0,0,2,5,0,0,1,
0,0,0,0,0,2,
0,0,0,2,0,0
0,0,0,0,0,0,0,0,0,0,0,1,
8
2,2,0,0,0,0,0,0,0,0,1,
5,5,0,0,0,0,0,0,0,1,
5,5,2,0,0,0,0,0,0,0,1,
0,5,5,0,0,0,0,0,0,0,0,1,
2,5,5,0,0,0,0,0,0,0,1,
5,5,0,0,0,0,0,0,0,1,
5,5,2,0,0,0,0,0,0,0,1,
0,5,5,0,0,0,0,0,0,0,0,1,
8
2,5,5,0,0,0,0,0,0,0,0,5
5,5,0,0,0,0,0,0,0,0,1,
5,5,2,0,0,0,0,0,0,1,
0,5,5,0,0,0,0,0,0,5,
2,5,5,0,0,0,0,0,0,0,1,
0,0,2,
2,0,0,
1,0,0,0,0,1,1,0,0,0,0,1
8
2,0,0,0,0,2,2,0,0,0,0,2
5,1,0,0,1,5,5,2,0,0,2,5
5,0,1,1,0,5,5,0,2,2,0,5
5,0,1,1,0,5,5,0,2,2,0,5
5,1,0,0,1,5,5,2,0,0,2,5
5,0,1,1,0,5,5,0,2,2,0,5
5,0,1,1,0,5,5,0,2,2,0,5
8
5,1,0,0,1,5,5,2,0,0,2,5
5,1,0,0,1,5,5,2,0,0,2,5
5,1,0,0,1,5,5,2,0,0,2,5
0,5,0,0,5,0,0,5,0,0,5,
0,5,0,0,5,0,0,5,0,0,5,
0,
0,
0,0,0,0,0,0,0,1,2,2,1,
8
1,0,0,0,0,1,0,0,5,5,
0,2,0,0,2,0,0,0,5,5,
1,0,0,0,0,1,0,0,5,5,
0,2,0,0,2,0,0,0,5,5,
1,0,0,0,0,1,0,0,5,5,
0,1,0,0,1,0,0,0,5,5,
0,1,0,0,1,0,0,0,5,5,
0,1,0,0,1,0,0,0,5,5,
8
2,2,
0,
0,2,2,
2,2,
5,5
64
5,5,5,
0,5,5,5,
0,0,5,5,5,
0,0,0,5,5,5,
0,0,0,0,5,5,
0,0,0,0,0,5,
32
0,
8
0,
0,0,0,0,0,0,1,
0,0,0,0,0,0,5,
8
0,0,0,0,0,0,0,0,2,0,0,2
0,
0,0,0,0,0,0,0,2,0,0,2,
0,0,0,0,0,0,2,0,0,2,
0,0,2,0,0,2,
16
0,
0,2,0,0,2,
2,0,0,2,
0,2,0,0,2,
8
0,0,2,0,0,2,
8
0,0,2,0,0,2,
0,
0,0,0,0,0,0,0,1,0,0,1,
0,0,0,0,0,0,0,5,0,0,5,
0,0,0,0,0,0,0,5,2,0,5,2
0,
0,0,0,0,0,0,1,0,0,1,
0,0,0,0,0,0,5,0,0,5,
8
0,0,0,0,0,0,5,2,0,5,2
#END